date,open,high,low,close,volume
2019-07-03,0.2369906306266785,0.2412226021196395,0.2285266876407563,0.2369906306266784,15033000.0
2019-07-04,0.2327586859464645,0.2327586859464645,0.2327586859464645,0.2327586859464645,3353500.0
2019-07-05,0.2327586859464645,0.2327586859464645,0.2285267139659994,0.2327586859464645,2738200.0
2019-07-08,0.228526696562767,0.2327586682209503,0.228526696562767,0.228526696562767,237900.0
2019-07-09,0.2285267139659994,0.2327586859464645,0.2285267139659994,0.2327586859464645,1880400.0
2019-07-10,0.2327586682209503,0.2327586682209503,0.228526696562767,0.228526696562767,525000.0
2019-07-11,0.2327586682209503,0.2327586682209503,0.228526696562767,0.228526696562767,169500.0
2019-07-12,0.2327586859464645,0.2327586859464645,0.2327586859464645,0.2327586859464645,157000.0
2019-07-15,0.228526696562767,0.228526696562767,0.228526696562767,0.228526696562767,482500.0
2019-07-16,0.228526696562767,0.228526696562767,0.228526696562767,0.228526696562767,226000.0
2019-07-17,0.2327586682209503,0.2327586682209503,0.228526696562767,0.228526696562767,60000.0
2019-07-18,0.2327586682209503,0.2327586682209503,0.228526696562767,0.228526696562767,251000.0
2019-07-19,0.2327586591337174,0.2369906306266785,0.2327586591337174,0.2369906306266784,1324600.0
2019-07-22,0.2327586859464645,0.2327586859464645,0.2327586859464645,0.2327586859464645,532600.0
2019-07-23,0.2327586859464645,0.2327586859464645,0.2327586859464645,0.2327586859464645,0.0
2019-07-24,0.2327586859464645,0.2327586859464645,0.2327586859464645,0.2327586859464645,38000.0
2019-07-25,0.2327586859464645,0.2369906579269296,0.2327586859464645,0.2327586859464645,446000.0
2019-07-26,0.2369906579269296,0.2369906579269296,0.2327586859464645,0.2327586859464645,14000.0
2019-07-29,0.2327586859464645,0.2327586859464645,0.2327586859464645,0.2327586859464645,0.0
2019-07-30,0.2327586859464645,0.2327586859464645,0.2327586859464645,0.2327586859464645,23000.0
2019-07-31,0.2369906398791336,0.2369906398791336,0.228526696562767,0.228526696562767,20100.0
2019-08-01,0.2327586859464645,0.2327586859464645,0.2327586859464645,0.2327586859464645,55000.0
2019-08-02,0.2327586682209503,0.2327586682209503,0.228526696562767,0.228526696562767,65000.0
2019-08-05,0.228526696562767,0.228526696562767,0.228526696562767,0.228526696562767,0.0
2019-08-06,0.228526696562767,0.228526696562767,0.228526696562767,0.228526696562767,356000.0
2019-08-07,0.228526696562767,0.228526696562767,0.228526696562767,0.228526696562767,2600.0
2019-08-08,0.228526696562767,0.228526696562767,0.228526696562767,0.228526696562767,100900.0
2019-08-13,0.2285266890209688,0.2285266890209688,0.2242946922779083,0.2242946922779083,11700.0
2019-08-14,0.2369906306266785,0.2369906306266785,0.2369906306266785,0.2369906306266784,100.0
2019-08-15,0.2369906306266785,0.2369906306266785,0.2369906306266785,0.2369906306266784,0.0
2019-08-16,0.2369906306266785,0.2369906306266785,0.2369906306266785,0.2369906306266784,0.0
2019-08-19,0.2327586859464645,0.2327586859464645,0.2327586859464645,0.2327586859464645,11000.0
2019-08-20,0.2327586859464645,0.2327586859464645,0.2327586859464645,0.2327586859464645,0.0
2019-08-21,0.2327586859464645,0.2327586859464645,0.2327586859464645,0.2327586859464645,0.0
2019-08-22,0.2327586859464645,0.2327586859464645,0.2327586859464645,0.2327586859464645,0.0
2019-08-23,0.2242946922779083,0.2285266890209688,0.2242946922779083,0.2242946922779083,25000.0
2019-08-26,0.2242946909232554,0.2369906306266785,0.2242946909232554,0.2369906306266784,228000.0
2019-08-27,0.2327586591337174,0.2369906306266785,0.2327586591337174,0.2369906306266784,18000.0
2019-08-28,0.2369906306266785,0.2369906306266785,0.2369906306266785,0.2369906306266784,0.0
2019-08-29,0.2327586859464645,0.2327586859464645,0.2327586859464645,0.2327586859464645,150000.0
2019-08-30,0.2327586859464645,0.2327586859464645,0.2327586859464645,0.2327586859464645,79000.0
2019-09-02,0.2327586682209503,0.2327586682209503,0.228526696562767,0.228526696562767,130000.0
2019-09-03,0.228526696562767,0.228526696562767,0.228526696562767,0.228526696562767,35000.0
2019-09-04,0.2285267139659994,0.2327586859464645,0.2285267139659994,0.2327586859464645,96400.0
2019-09-05,0.2327586859464645,0.2327586859464645,0.2327586859464645,0.2327586859464645,600.0
2019-09-06,0.2327586859464645,0.2327586859464645,0.2327586859464645,0.2327586859464645,11000.0
2019-09-09,0.2327586859464645,0.2327586859464645,0.2327586859464645,0.2327586859464645,0.0
2019-09-10,0.2327586859464645,0.2327586859464645,0.2327586859464645,0.2327586859464645,0.0
2019-09-11,0.2327586859464645,0.2327586859464645,0.2327586859464645,0.2327586859464645,30000.0
2019-09-12,0.2327586859464645,0.2327586859464645,0.2327586859464645,0.2327586859464645,0.0
2019-09-13,0.2327586859464645,0.2327586859464645,0.2327586859464645,0.2327586859464645,0.0
2019-09-16,0.2327586682209503,0.2327586682209503,0.228526696562767,0.228526696562767,60300.0
2019-09-17,0.228526696562767,0.228526696562767,0.228526696562767,0.228526696562767,0.0
2019-09-18,0.2327586859464645,0.2327586859464645,0.2327586859464645,0.2327586859464645,4000.0
2019-09-19,0.2242946922779083,0.2242946922779083,0.2242946922779083,0.2242946922779083,261500.0
2019-09-20,0.2242946922779083,0.2242946922779083,0.2242946922779083,0.2242946922779083,2000.0
2019-09-23,0.2327586605394893,0.2327586605394893,0.2242946922779083,0.2242946922779083,7600.0
2019-09-24,0.2327586859464645,0.2327586859464645,0.2327586859464645,0.2327586859464645,11000.0
2019-09-25,0.2327586859464645,0.2327586859464645,0.2327586859464645,0.2327586859464645,0.0
2019-09-26,0.2327586859464645,0.2327586859464645,0.2327586859464645,0.2327586859464645,0.0
2019-09-27,0.2327586682209503,0.2327586682209503,0.2242946996800429,0.228526696562767,27000.0
2019-09-30,0.2242946922779083,0.2242946922779083,0.2242946922779083,0.2242946922779083,95000.0
2019-10-01,0.2242946922779083,0.2242946922779083,0.2242946922779083,0.2242946922779083,0.0
2019-10-02,0.228526696562767,0.228526696562767,0.228526696562767,0.228526696562767,43000.0
2019-10-03,0.224294704444614,0.224294704444614,0.2200627326965332,0.2200627326965332,45200.0
2019-10-04,0.2200627326965332,0.2200627326965332,0.2200627326965332,0.2200627326965332,0.0
2019-10-07,0.2200627326965332,0.2200627326965332,0.2200627326965332,0.2200627326965332,0.0
2019-10-08,0.2200627326965332,0.2200627326965332,0.2200627326965332,0.2200627326965332,0.0
2019-10-09,0.2200627326965332,0.2200627326965332,0.2200627326965332,0.2200627326965332,0.0
2019-10-10,0.2200627326965332,0.2200627326965332,0.2200627326965332,0.2200627326965332,3000.0
2019-10-11,0.2200627326965332,0.2200627326965332,0.2200627326965332,0.2200627326965332,0.0
2019-10-14,0.228526696562767,0.228526696562767,0.228526696562767,0.228526696562767,203600.0
2019-10-15,0.228526696562767,0.228526696562767,0.228526696562767,0.228526696562767,0.0
2019-10-16,0.228526696562767,0.228526696562767,0.228526696562767,0.228526696562767,0.0
2019-10-17,0.228526696562767,0.228526696562767,0.228526696562767,0.228526696562767,2000.0
2019-10-18,0.228526696562767,0.228526696562767,0.228526696562767,0.228526696562767,0.0
2019-10-21,0.228526696562767,0.228526696562767,0.228526696562767,0.228526696562767,0.0
2019-10-22,0.228526696562767,0.228526696562767,0.228526696562767,0.228526696562767,0.0
2019-10-23,0.228526696562767,0.228526696562767,0.228526696562767,0.228526696562767,0.0
2019-10-24,0.228526696562767,0.228526696562767,0.228526696562767,0.228526696562767,0.0
2019-10-25,0.228526696562767,0.228526696562767,0.228526696562767,0.228526696562767,0.0
2019-10-29,0.228526696562767,0.228526696562767,0.228526696562767,0.228526696562767,0.0
2019-10-30,0.228526696562767,0.228526696562767,0.228526696562767,0.228526696562767,0.0
2019-10-31,0.228526696562767,0.228526696562767,0.228526696562767,0.228526696562767,0.0
2019-11-01,0.228526696562767,0.228526696562767,0.228526696562767,0.228526696562767,0.0
2019-11-04,0.228526696562767,0.228526696562767,0.228526696562767,0.228526696562767,20000.0
2019-11-05,0.228526696562767,0.228526696562767,0.228526696562767,0.228526696562767,0.0
2019-11-06,0.228526696562767,0.228526696562767,0.228526696562767,0.228526696562767,2000.0
2019-11-07,0.228526696562767,0.228526696562767,0.228526696562767,0.228526696562767,0.0
2019-11-08,0.228526696562767,0.228526696562767,0.228526696562767,0.228526696562767,0.0
2019-11-11,0.228526696562767,0.228526696562767,0.228526696562767,0.228526696562767,0.0
2019-11-12,0.228526696562767,0.228526696562767,0.228526696562767,0.228526696562767,0.0
2019-11-13,0.2200627326965332,0.2200627326965332,0.2200627326965332,0.2200627326965332,11500.0
2019-11-14,0.2200627326965332,0.2200627326965332,0.2200627326965332,0.2200627326965332,5000.0
2019-11-15,0.2200627326965332,0.2200627326965332,0.2200627326965332,0.2200627326965332,50000.0
2019-11-18,0.2200627326965332,0.2200627326965332,0.2200627326965332,0.2200627326965332,0.0
2019-11-19,0.2200627326965332,0.2200627326965332,0.2200627326965332,0.2200627326965332,0.0
2019-11-20,0.2200627326965332,0.2200627326965332,0.2200627326965332,0.2200627326965332,0.0
2019-11-21,0.2200627326965332,0.2200627326965332,0.2200627326965332,0.2200627326965332,0.0
2019-11-22,0.2200627326965332,0.2200627326965332,0.2200627326965332,0.2200627326965332,0.0
2019-11-25,0.228526696562767,0.228526696562767,0.228526696562767,0.228526696562767,90000.0
2019-11-26,0.228526696562767,0.228526696562767,0.228526696562767,0.228526696562767,0.0
2019-11-27,0.228526696562767,0.228526696562767,0.228526696562767,0.228526696562767,0.0
2019-11-28,0.2242946922779083,0.2242946922779083,0.2242946922779083,0.2242946922779083,400.0
2019-11-29,0.2242946922779083,0.2242946922779083,0.2242946922779083,0.2242946922779083,460000.0
2019-12-02,0.2242946922779083,0.2242946922779083,0.2242946922779083,0.2242946922779083,0.0
2019-12-03,0.2200627326965332,0.224294704444614,0.2200627326965332,0.2200627326965332,92200.0
2019-12-04,0.2200627326965332,0.2200627326965332,0.2200627326965332,0.2200627326965332,0.0
2019-12-05,0.2242946922779083,0.2242946922779083,0.2242946922779083,0.2242946922779083,44900.0
2019-12-06,0.2242946922779083,0.2242946922779083,0.2242946922779083,0.2242946922779083,0.0
2019-12-09,0.2242946922779083,0.2242946922779083,0.2242946922779083,0.2242946922779083,0.0
2019-12-10,0.2242946922779083,0.2242946922779083,0.2242946922779083,0.2242946922779083,0.0
2019-12-11,0.2200627326965332,0.2200627326965332,0.2200627326965332,0.2200627326965332,8900.0
2019-12-12,0.2200627326965332,0.2200627326965332,0.2200627326965332,0.2200627326965332,0.0
2019-12-13,0.2200627326965332,0.2200627326965332,0.2200627326965332,0.2200627326965332,48800.0
2019-12-16,0.2200627326965332,0.2200627326965332,0.2200627326965332,0.2200627326965332,0.0
2019-12-17,0.2200627326965332,0.2200627326965332,0.2200627326965332,0.2200627326965332,0.0
2019-12-18,0.2200627326965332,0.2200627326965332,0.2200627326965332,0.2200627326965332,10000.0
2019-12-19,0.2200627326965332,0.2200627326965332,0.2200627326965332,0.2200627326965332,0.0
2019-12-20,0.2200627326965332,0.2200627326965332,0.2200627326965332,0.2200627326965332,0.0
2019-12-23,0.2200627326965332,0.2200627326965332,0.2200627326965332,0.2200627326965332,3600.0
2019-12-24,0.2200627326965332,0.2200627326965332,0.2200627326965332,0.2200627326965332,0.0
2019-12-25,0.2200627326965332,0.2200627326965332,0.2200627326965332,0.2200627326965332,0.0
2019-12-26,0.2200627326965332,0.2200627326965332,0.2200627326965332,0.2200627326965332,0.0
2019-12-27,0.2200627326965332,0.2200627326965332,0.2200627326965332,0.2200627326965332,0.0
2019-12-30,0.2200627326965332,0.2200627326965332,0.2200627326965332,0.2200627326965332,0.0
2019-12-31,0.2200627326965332,0.2200627326965332,0.2200627326965332,0.2200627326965332,10000.0
2020-01-02,0.2200627326965332,0.2200627326965332,0.2200627326965332,0.2200627326965332,0.0
2020-01-03,0.228526696562767,0.228526696562767,0.228526696562767,0.228526696562767,20000.0
2020-01-06,0.228526696562767,0.228526696562767,0.228526696562767,0.228526696562767,0.0
2020-01-07,0.228526696562767,0.228526696562767,0.228526696562767,0.228526696562767,0.0
2020-01-08,0.2200627326965332,0.2200627326965332,0.2200627326965332,0.2200627326965332,140000.0
2020-01-09,0.2200627326965332,0.2200627326965332,0.2200627326965332,0.2200627326965332,0.0
2020-01-10,0.2200627326965332,0.2200627326965332,0.2200627326965332,0.2200627326965332,0.0
2020-01-13,0.2200627326965332,0.2200627326965332,0.2200627326965332,0.2200627326965332,220000.0
2020-01-14,0.2200627326965332,0.2200627326965332,0.2200627326965332,0.2200627326965332,0.0
2020-01-15,0.2158307284116745,0.2158307284116745,0.2158307284116745,0.2158307284116745,210000.0
2020-01-16,0.2158307284116745,0.2158307284116745,0.2158307284116745,0.2158307284116745,0.0
2020-01-17,0.2158307284116745,0.2158307284116745,0.2158307284116745,0.2158307284116745,0.0
2020-01-20,0.2115987837314605,0.2115987837314605,0.2115987837314605,0.2115987837314605,25000.0
2020-01-21,0.2073668241500854,0.2073668241500854,0.2073668241500854,0.2073668241500854,25000.0
2020-01-22,0.2073668120927578,0.2115987837314605,0.2073668120927578,0.2115987837314605,111000.0
2020-01-23,0.2115987837314605,0.2115987837314605,0.2115987837314605,0.2115987837314605,25000.0
2020-01-24,0.2115987837314605,0.2115987837314605,0.2115987837314605,0.2115987837314605,0.0
2020-01-28,0.2031348198652267,0.2031348198652267,0.2031348198652267,0.2031348198652267,30000.0
2020-01-29,0.2031348198652267,0.2031348198652267,0.2031348198652267,0.2031348198652267,0.0
2020-01-30,0.2031348198652267,0.2031348198652267,0.2031348198652267,0.2031348198652267,0.0
2020-01-31,0.2031348198652267,0.2031348198652267,0.2031348198652267,0.2031348198652267,0.0
2020-02-03,0.2031348198652267,0.2031348198652267,0.2031348198652267,0.2031348198652267,0.0
2020-02-04,0.2031348198652267,0.2031348198652267,0.2031348198652267,0.2031348198652267,0.0
2020-02-05,0.1989028483927021,0.2031348198652267,0.1989028483927021,0.2031348198652267,9200.0
2020-02-06,0.2031348198652267,0.2031348198652267,0.2031348198652267,0.2031348198652267,0.0
2020-02-07,0.1862069219350814,0.1862069219350814,0.1862069219350814,0.1862069219350814,5000.0
2020-02-10,0.1862069219350814,0.1862069219350814,0.1862069219350814,0.1862069219350814,2000.0
2020-02-11,0.1862069219350814,0.1862069219350814,0.1819749504495518,0.1862069219350814,76000.0
2020-02-12,0.1819749623537063,0.1819749623537063,0.1819749623537063,0.1819749623537063,32000.0
2020-02-13,0.1819749623537063,0.1819749623537063,0.1819749623537063,0.1819749623537063,0.0
2020-02-14,0.1904388815164566,0.1904388815164566,0.1904388815164566,0.1904388815164566,10000.0
2020-02-17,0.1946708709001541,0.1989028422418087,0.1946708709001541,0.1946708709001541,14000.0
2020-02-18,0.1946708885583241,0.1989028602838516,0.1946708885583241,0.1989028602838516,110000.0
2020-02-19,0.2031348198652267,0.2031348198652267,0.2031348198652267,0.2031348198652267,30000.0
2020-02-20,0.2031348198652267,0.2031348198652267,0.2031348198652267,0.2031348198652267,32000.0
2020-02-21,0.2073668241500854,0.2073668241500854,0.2073668241500854,0.2073668241500854,101000.0
2020-02-24,0.2073668241500854,0.2073668241500854,0.2073668241500854,0.2073668241500854,68200.0
2020-02-25,0.2073668241500854,0.2073668241500854,0.2073668241500854,0.2073668241500854,50000.0
2020-02-26,0.2073668241500854,0.2073668241500854,0.2073668241500854,0.2073668241500854,50000.0
2020-02-27,0.2073668241500854,0.2073668241500854,0.2073668241500854,0.2073668241500854,50000.0
2020-02-28,0.2073668241500854,0.2073668241500854,0.2073668241500854,0.2073668241500854,50000.0
2020-03-02,0.2073668241500854,0.2073668241500854,0.2073668241500854,0.2073668241500854,1000.0
2020-03-03,0.2113171517848968,0.2113171517848968,0.2113171517848968,0.2113171517848968,30000.0
2020-03-04,0.2113171517848968,0.2113171517848968,0.2113171517848968,0.2113171517848968,0.0
2020-03-05,0.2113171517848968,0.2113171517848968,0.2113171517848968,0.2113171517848968,111000.0
2020-03-06,0.2113171517848968,0.2113171517848968,0.2113171517848968,0.2113171517848968,0.0
2020-03-09,0.1854415816539897,0.2113171517848968,0.1854415816539897,0.2113171517848968,773600.0
2020-03-10,0.1983793667194432,0.2113171517848968,0.1983793667194432,0.2113171517848968,251000.0
2020-03-11,0.2113171517848968,0.2113171517848968,0.2113171517848968,0.2113171517848968,100000.0
2020-03-12,0.1983793667194432,0.2113171517848968,0.1940667631292693,0.2113171517848968,500000.0
2020-03-13,0.176816373679374,0.2070045322179794,0.176816373679374,0.2070045322179794,15000.0
2020-03-16,0.1854415815601788,0.2026919573545456,0.1854415815601788,0.2026919573545456,200000.0
2020-03-17,0.2026919418131881,0.2070045322179794,0.2026919418131881,0.2070045322179794,200000.0
2020-03-18,0.1897541731595993,0.1897541731595993,0.1897541731595993,0.1897541731595993,132000.0
2020-03-19,0.1897541730887491,0.2070045489552169,0.181128978729248,0.181128978729248,247000.0
2020-03-20,0.1811289779721865,0.2026919573545456,0.1811289779721865,0.2026919573545456,205000.0
2020-03-23,0.1897541589710043,0.1983793526887893,0.1897541589710043,0.1983793526887893,110000.0
2020-03-24,0.1811289779721865,0.2026919573545456,0.1811289779721865,0.2026919573545456,51100.0
2020-03-25,0.1940667630310951,0.2026919573545456,0.1940667630310951,0.2026919573545456,40000.0
2020-03-26,0.1940667630310951,0.2026919573545456,0.1940667630310951,0.2026919573545456,1360300.0
2020-03-27,0.1897541731595993,0.2026919582774144,0.1897541731595993,0.1897541731595993,150000.0
2020-03-30,0.1940667480230331,0.1940667480230331,0.1940667480230331,0.1940667480230331,10000.0
2020-03-31,0.1940667480230331,0.1940667480230331,0.1940667480230331,0.1940667480230331,0.0
2020-04-01,0.1940667480230331,0.1983793512775123,0.1940667480230331,0.1940667480230331,84200.0
2020-04-02,0.1983793526887893,0.1983793526887893,0.1983793526887893,0.1983793526887893,17400.0
2020-04-03,0.1940667494036302,0.1983793526887893,0.1940667494036302,0.1983793526887893,10700.0
2020-04-06,0.1940667480230331,0.1940667480230331,0.1940667480230331,0.1940667480230331,10000.0
2020-04-07,0.1940667480230331,0.1940667480230331,0.1940667480230331,0.1940667480230331,1230000.0
2020-04-08,0.1940667494036302,0.1983793526887893,0.1940667494036302,0.1983793526887893,1030800.0
2020-04-09,0.1940667480230331,0.1940667480230331,0.1940667480230331,0.1940667480230331,10000.0
2020-04-13,0.1940667555830945,0.1940667555830945,0.1569784432649612,0.1569784432649612,30800.0
2020-04-14,0.1897541576210871,0.1940667480230331,0.1854415672191412,0.1940667480230331,16000.0
2020-04-15,0.1897541731595993,0.1897541731595993,0.1897541731595993,0.1897541731595993,400.0
2020-04-16,0.1897541576210871,0.1940667480230331,0.1897541576210871,0.1940667480230331,6000.0
2020-04-17,0.1897541731595993,0.1897541731595993,0.1897541731595993,0.1897541731595993,1000.0
2020-04-20,0.1897541731595993,0.1897541731595993,0.1897541731595993,0.1897541731595993,6300.0
2020-04-21,0.1897541731595993,0.1897541731595993,0.1897541731595993,0.1897541731595993,3600.0
2020-04-22,0.1897541589710043,0.1983793526887893,0.1897541589710043,0.1983793526887893,25000.0
2020-04-23,0.1983793526887893,0.1983793526887893,0.1983793526887893,0.1983793526887893,0.0
2020-04-24,0.1940667494036302,0.1983793526887893,0.1940667494036302,0.1983793526887893,14100.0
2020-04-27,0.1983793526887893,0.1983793526887893,0.1983793526887893,0.1983793526887893,0.0
2020-04-28,0.1897541588730265,0.1897541588730265,0.1725037842988968,0.1725037842988968,53700.0
2020-04-29,0.1854415833950042,0.1854415833950042,0.1854415833950042,0.1854415833950042,1500.0
2020-04-30,0.1854415684426273,0.1897541588730265,0.1725037842988968,0.1725037842988968,26000.0
2020-05-04,0.1725037842988968,0.1725037842988968,0.1725037842988968,0.1725037842988968,0.0
2020-05-05,0.1854415833950042,0.1854415833950042,0.1854415833950042,0.1854415833950042,10000.0
2020-05-06,0.1854415833950042,0.1854415833950042,0.1854415833950042,0.1854415833950042,0.0
2020-05-08,0.1561159162452761,0.1681911796331405,0.1561159162452761,0.1681911796331405,99000.0
2020-05-11,0.1768163774552348,0.1768163774552348,0.1638785931120452,0.164741113781929,24600.0
2020-05-12,0.1725037842988968,0.1725037842988968,0.1725037842988968,0.1725037842988968,1000.0
2020-05-13,0.1725037842988968,0.1725037842988968,0.1725037842988968,0.1725037842988968,0.0
2020-05-14,0.1725037842988968,0.1725037842988968,0.1725037842988968,0.1725037842988968,0.0
2020-05-15,0.1725037842988968,0.1725037842988968,0.1725037842988968,0.1725037842988968,0.0
2020-05-18,0.1552534252405166,0.1552534252405166,0.1552534252405166,0.1552534252405166,101000.0
2020-05-19,0.1638785983377144,0.1638785983377144,0.1552534170689088,0.1621535569429397,89000.0
2020-05-20,0.1621535569429397,0.1621535569429397,0.1621535569429397,0.1621535569429397,0.0
2020-05-21,0.1621535569429397,0.1621535569429397,0.1621535569429397,0.1621535569429397,0.0
2020-05-22,0.1621535569429397,0.1621535569429397,0.1621535569429397,0.1621535569429397,100.0
2020-05-26,0.1621535569429397,0.1621535569429397,0.1621535569429397,0.1621535569429397,0.0
2020-05-27,0.1621535569429397,0.1621535569429397,0.1621535569429397,0.1621535569429397,0.0
2020-05-28,0.1621535569429397,0.1621535569429397,0.1621535569429397,0.1621535569429397,0.0
2020-05-29,0.1621535569429397,0.1621535569429397,0.1621535569429397,0.1621535569429397,0.0
2020-06-01,0.1552534252405166,0.1552534252405166,0.1552534252405166,0.1552534252405166,11000.0
2020-06-02,0.1552534252405166,0.1552534252405166,0.1552534252405166,0.1552534252405166,2000.0
2020-06-03,0.1552534252405166,0.1552534252405166,0.1552534252405166,0.1552534252405166,39000.0
2020-06-04,0.1552534252405166,0.1552534252405166,0.1552534252405166,0.1552534252405166,0.0
2020-06-05,0.1535283837549461,0.1552534252405166,0.1535283837549461,0.1552534252405166,77100.0
2020-06-08,0.1526658535003662,0.1526658535003662,0.1526658535003662,0.1526658535003662,800.0
2020-06-09,0.1595660161019083,0.1595660161019083,0.1518033422693756,0.1552534252405166,101900.0
2020-06-10,0.1595660108512444,0.1630160808563232,0.1474907465546674,0.1630160808563232,57000.0
2020-06-11,0.1474907514079839,0.1552534252405166,0.1466282306651986,0.1552534252405166,27000.0
2020-06-12,0.1466282159090042,0.1466282159090042,0.1466282159090042,0.1466282159090042,10000.0
2020-06-15,0.1552534252405166,0.1552534252405166,0.1552534252405166,0.1552534252405166,10000.0
2020-06-16,0.1552534096163103,0.1552534096163103,0.1466282159090042,0.1466282159090042,65000.0
2020-06-17,0.1388655435044057,0.1423156261444091,0.1380030228444048,0.1423156261444091,65900.0
2020-06-18,0.138865542857682,0.1466282159090042,0.1380030222016981,0.1466282159090042,56000.0
2020-06-19,0.1362779943769364,0.1423156261444091,0.1362779943769364,0.1423156261444091,74300.0
2020-06-22,0.1423156261444091,0.1423156261444091,0.1423156261444091,0.1423156261444091,0.0
2020-06-23,0.1423156261444091,0.1423156261444091,0.1423156261444091,0.1423156261444091,20000.0
2020-06-24,0.1302403497569304,0.1423156261444091,0.1293778419494629,0.1423156261444091,75100.0
2020-06-25,0.1293778270483017,0.1423156097531318,0.1293778270483017,0.1293778270483017,112800.0
2020-06-26,0.1371405304432455,0.1380030512809753,0.1371405304432455,0.1380030512809753,6600.0
2020-06-29,0.1250652456588667,0.1250652456588667,0.1207526549696922,0.1207526549696922,60200.0
2020-06-30,0.1164400652050972,0.1293778502278857,0.1164400652050972,0.1164400652050972,55000.0
2020-07-01,0.1250652223825454,0.1250652223825454,0.1121274398703834,0.1250652223825454,11000.0
2020-07-02,0.1250652503222227,0.1250652503222227,0.1000522002577781,0.1000522002577781,52200.0
2020-07-03,0.1069523533292664,0.1078148740697692,0.1000522002577781,0.1000522002577781,253600.0
2020-07-06,0.1035022661089897,0.1078148629400475,0.1009147105808616,0.1035022661089897,207000.0
2020-07-07,0.1017772417387838,0.1112649441792461,0.0966021301483013,0.1000522002577781,292600.0
2020-07-08,0.0991896805754151,0.0991896805754151,0.0914270071835385,0.0983271598815918,121200.0
2020-07-09,0.0948770794365132,0.0983271556365925,0.0862518921494484,0.0862518921494484,224100.0
2020-07-13,0.0991896871873392,0.0991896871873392,0.0828018250436245,0.0914270132780075,130300.0
2020-07-14,0.0914270132780075,0.0914270132780075,0.0914270132780075,0.0914270132780075,0.0
2020-07-15,0.0879769455129351,0.0879769455129351,0.0655514487158364,0.0690015256404876,298300.0
2020-07-16,0.064688923778712,0.086251896229527,0.0638264030813246,0.0810767784714698,112000.0
2020-07-17,0.0810767784714698,0.0810767784714698,0.0810767784714698,0.0810767784714698,0.0
2020-07-20,0.0733141079545021,0.0776267048081551,0.069001511100849,0.0733141079545021,89000.0
2020-07-21,0.0690015089532626,0.0690015089532626,0.0586512871086597,0.0586512871086597,349800.0
2020-07-22,0.0690015040758546,0.0690015040758546,0.0534761659801006,0.0534761659801006,372900.0
2020-07-23,0.0534761659801006,0.0586512829628626,0.0526136486250623,0.0534761659801006,1029100.0
2020-07-24,0.0526136547145572,0.0552012135054218,0.0508886165916919,0.0508886165916919,512200.0
2020-07-27,0.050026100128889,0.050026100128889,0.0491635826015198,0.050026100128889,285100.0
2020-07-28,0.0500260901336813,0.0534761659801006,0.0457134969322236,0.0534761659801006,178900.0
2020-07-29,0.0577887716226856,0.0853893763751741,0.0534761745194383,0.0724515914916992,1352600.0
2020-07-30,0.0741766319892101,0.106952347720591,0.0741766319892101,0.1026397570967674,1028000.0
2020-08-03,0.1035022744776084,0.1052273159200155,0.090564489364624,0.090564489364624,121500.0
2020-08-04,0.0974646359682083,0.0974646359682083,0.0974646359682083,0.0974646359682083,5000.0
2020-08-05,0.093152050011589,0.093152050011589,0.0569262509997857,0.0767641887068748,389100.0
2020-08-06,0.0776267126202583,0.0776267126202583,0.0776267126202583,0.0776267126202583,118000.0
2020-08-07,0.0776267115617514,0.0776267115617514,0.0690015171040453,0.0707265585660934,17000.0
2020-08-11,0.0707265585660934,0.0707265585660934,0.0707265585660934,0.0707265585660934,0.0
2020-08-12,0.0707265585660934,0.0707265585660934,0.0707265585660934,0.0707265585660934,0.0
2020-08-13,0.0776267106779066,0.090564489364624,0.0776267106779066,0.090564489364624,403500.0
2020-08-14,0.090564489364624,0.090564489364624,0.090564489364624,0.090564489364624,0.0
2020-08-17,0.090564489364624,0.090564489364624,0.090564489364624,0.090564489364624,0.0
2020-08-18,0.090564489364624,0.090564489364624,0.090564489364624,0.090564489364624,0.0
2020-08-19,0.090564489364624,0.090564489364624,0.090564489364624,0.090564489364624,0.0
2020-08-20,0.090564489364624,0.090564489364624,0.090564489364624,0.090564489364624,0.0
2020-08-21,0.090564489364624,0.090564489364624,0.090564489364624,0.090564489364624,0.0
2020-08-24,0.0905644825798475,0.0905644825798475,0.0862518921494484,0.0862518921494484,74000.0
2020-08-25,0.0862518921494484,0.0862518921494484,0.0862518921494484,0.0862518921494484,3500.0
2020-08-26,0.0862518921494484,0.0862518921494484,0.0862518921494484,0.0862518921494484,0.0
2020-08-27,0.0862518921494484,0.0862518921494484,0.0862518921494484,0.0862518921494484,0.0
2020-08-28,0.0914270041634201,0.0974646359682083,0.0879769279283603,0.0974646359682083,295400.0
2020-08-31,0.098327157382488,0.1069523448227015,0.0888394492703731,0.0931520462036132,164400.0
2020-09-01,0.1017772331833839,0.1017772331833839,0.0931520457821909,0.1017772331833839,2200.0
2020-09-02,0.0948770806919228,0.1017772331833839,0.090564483778193,0.1017772331833839,5100.0
2020-09-03,0.1017772331833839,0.1017772331833839,0.1017772331833839,0.1017772331833839,0.0
2020-09-04,0.0793517380952835,0.0793517380952835,0.0793517380952835,0.0793517380952835,20000.0
2020-09-07,0.0793517413348461,0.0802142620086669,0.0793517413348461,0.0802142620086669,34000.0
2020-09-08,0.0802142620086669,0.0802142620086669,0.0802142620086669,0.0802142620086669,0.0
2020-09-09,0.0802142620086669,0.0802142620086669,0.0802142620086669,0.0802142620086669,0.0
2020-09-10,0.0862518921494484,0.0862518921494484,0.0862518921494484,0.0862518921494484,24000.0
2020-09-11,0.0862518921494484,0.0862518921494484,0.0862518921494484,0.0862518921494484,0.0
2020-09-14,0.0862518921494484,0.0862518921494484,0.0862518921494484,0.0862518921494484,600.0
2020-09-15,0.0853893744817204,0.0853893744817204,0.0828018188476562,0.0828018188476562,31400.0
2020-09-16,0.0940145701169967,0.0940145701169967,0.0940145701169967,0.0940145701169967,100.0
2020-09-17,0.0940145701169967,0.0940145701169967,0.0940145701169967,0.0940145701169967,10000.0
2020-09-18,0.0940145701169967,0.0940145701169967,0.0940145701169967,0.0940145701169967,0.0
2020-09-21,0.0940145701169967,0.0940145701169967,0.0940145701169967,0.0940145701169967,0.0
2020-09-22,0.0940145701169967,0.0940145701169967,0.0940145701169967,0.0940145701169967,0.0
2020-09-23,0.0784892216324806,0.0784892216324806,0.0784892216324806,0.0784892216324806,16300.0
2020-09-24,0.0784892216324806,0.0784892216324806,0.0784892216324806,0.0784892216324806,0.0
2020-09-25,0.0871144169269143,0.0871144169269143,0.0810767784714698,0.0810767784714698,200.0
2020-09-28,0.0810767784714698,0.0810767784714698,0.0810767784714698,0.0810767784714698,0.0
2020-09-29,0.1026397670036935,0.1026397670036935,0.090564495383172,0.0966021344065666,94600.0
2020-09-30,0.0966021344065666,0.0966021344065666,0.0966021344065666,0.0966021344065666,0.0
2020-10-01,0.1017772299102613,0.1017772299102613,0.1009147092700004,0.1009147092700004,5100.0
2020-10-02,0.0966021185961011,0.1009147089303581,0.0879769250750541,0.0879769250750541,57800.0
2020-10-05,0.087976937645356,0.0940145701169967,0.087976937645356,0.0940145701169967,20100.0
2020-10-06,0.0940145701169967,0.0940145701169967,0.0940145701169967,0.0940145701169967,0.0
2020-10-07,0.0940145701169967,0.0940145701169967,0.0905644935008781,0.0940145701169967,492700.0
2020-10-08,0.0966021189212288,0.1009147092700004,0.0948770776407069,0.1009147092700004,129100.0
2020-10-09,0.1060898266852995,0.1060898266852995,0.094014557000446,0.1009147092700004,442100.0
2020-10-12,0.1009147157062244,0.1026397570967674,0.0991896807419483,0.1026397570967674,123300.0
2020-10-13,0.1009147092700004,0.1009147092700004,0.0974646331352232,0.1009147092700004,434100.0
2020-10-14,0.1009147112321917,0.1035022667770205,0.0991896763443946,0.0991896763443946,210900.0
2020-10-15,0.1078148633241653,0.1078148633241653,0.1078148633241653,0.1078148633241653,5000.0
2020-10-16,0.0991896763443946,0.0991896763443946,0.0991896763443946,0.0991896763443946,10000.0
2020-10-19,0.1017772331833839,0.1017772331833839,0.1017772331833839,0.1017772331833839,3000.0
2020-10-20,0.1009147092700004,0.1009147092700004,0.1000521886297395,0.1009147092700004,112300.0
2020-10-21,0.1017772318892235,0.1017772318892235,0.0991896763443946,0.0991896763443946,30000.0
2020-10-22,0.1035022661089897,0.1035022661089897,0.1035022661089897,0.1035022661089897,1900.0
2020-10-23,0.1035022661089897,0.1035022661089897,0.1035022661089897,0.1035022661089897,0.0
2020-10-26,0.1000522002577781,0.1000522002577781,0.1000522002577781,0.1000522002577781,680000.0
2020-10-27,0.1000522002577781,0.1000522002577781,0.1000522002577781,0.1000522002577781,0.0
2020-10-28,0.1000522002577781,0.1000522002577781,0.1000522002577781,0.1000522002577781,0.0
2020-10-29,0.1000522002577781,0.1000522002577781,0.1000522002577781,0.1000522002577781,0.0
2020-10-30,0.1000522002577781,0.1000522002577781,0.1000522002577781,0.1000522002577781,0.0
2020-11-02,0.1035022767935223,0.1035022767935223,0.1000522002577781,0.1000522002577781,110100.0
2020-11-03,0.1000521905751598,0.1000521905751598,0.0991896763443946,0.0991896763443946,50000.0
2020-11-04,0.0991896763443946,0.0991896763443946,0.0991896763443946,0.0991896763443946,0.0
2020-11-05,0.0991896763443946,0.0991896763443946,0.0991896763443946,0.0991896763443946,0.0
2020-11-06,0.0991896763443946,0.0991896763443946,0.0991896763443946,0.0991896763443946,0.0
2020-11-09,0.105227306485176,0.105227306485176,0.105227306485176,0.105227306485176,46000.0
2020-11-10,0.1078148619905154,0.1078148619905154,0.105227306485176,0.105227306485176,73000.0
2020-11-11,0.0957396030426025,0.0991896793489702,0.0948770823594439,0.0957396030426025,135000.0
2020-11-12,0.0966021280228508,0.0966021280228508,0.0948770865797996,0.0948770865797996,120000.0
2020-11-13,0.0940145604492479,0.0940145604492479,0.0931520462036132,0.0931520462036132,20000.0
2020-11-16,0.0931520462036132,0.0931520462036132,0.0931520462036132,0.0931520462036132,200000.0
2020-11-17,0.0966021207995658,0.0991896763443946,0.0966021207995658,0.0991896763443946,70000.0
2020-11-18,0.0991896763443946,0.0991896763443946,0.0991896763443946,0.0991896763443946,0.0
2020-11-19,0.0991896763443946,0.0991896763443946,0.0991896763443946,0.0991896763443946,0.0
2020-11-20,0.0957396073013252,0.0957396073013252,0.0948770865797996,0.0948770865797996,1067000.0
2020-11-23,0.0957396030426025,0.0957396030426025,0.0957396030426025,0.0957396030426025,5000.0
2020-11-24,0.0957396030426025,0.0957396030426025,0.0957396030426025,0.0957396030426025,35000.0
2020-11-25,0.0957396030426025,0.0957396030426025,0.0957396030426025,0.0957396030426025,329300.0
2020-11-26,0.0966021193252894,0.105227306485176,0.0966021193252894,0.105227306485176,220000.0
2020-11-27,0.105227306485176,0.105227306485176,0.105227306485176,0.105227306485176,0.0
2020-11-30,0.1052273074119195,0.1052273074119195,0.1035022661089897,0.1035022661089897,43500.0
2020-12-01,0.1035022661089897,0.1035022661089897,0.1035022661089897,0.1035022661089897,0.0
2020-12-02,0.1035022661089897,0.1035022661089897,0.1035022661089897,0.1035022661089897,0.0
2020-12-03,0.1035022661089897,0.1035022661089897,0.1035022661089897,0.1035022661089897,0.0
2020-12-04,0.1052272972501246,0.1069523319602012,0.1052272972501246,0.1069523319602012,148100.0
2020-12-07,0.1078148700496347,0.1207526549696922,0.1078148700496347,0.1207526549696922,324500.0
2020-12-08,0.1155775487422943,0.1155775487422943,0.1155775487422943,0.1155775487422943,10000.0
2020-12-09,0.1155775487422943,0.1155775487422943,0.1155775487422943,0.1155775487422943,0.0
2020-12-10,0.1138525072484448,0.1155775487422943,0.1104024371132803,0.1155775487422943,121100.0
2020-12-11,0.1155775487422943,0.1155775487422943,0.1155775487422943,0.1155775487422943,0.0
2020-12-14,0.1155775487422943,0.1155775487422943,0.1155775487422943,0.1155775487422943,0.0
2020-12-15,0.1129899812461483,0.1129899812461483,0.1035022727500686,0.1121274605393409,113800.0
2020-12-16,0.1121274605393409,0.1121274605393409,0.1121274605393409,0.1121274605393409,0.0
2020-12-17,0.1121274605393409,0.1121274605393409,0.1121274605393409,0.1121274605393409,0.0
2020-12-18,0.104364793456876,0.1121274605393409,0.104364793456876,0.1121274605393409,5100.0
2020-12-21,0.1121274605393409,0.1121274605393409,0.1121274605393409,0.1121274605393409,13000.0
2020-12-22,0.1078148633241653,0.1078148633241653,0.1078148633241653,0.1078148633241653,50000.0
2020-12-23,0.1078148633241653,0.1078148633241653,0.1078148633241653,0.1078148633241653,0.0
2020-12-24,0.1078148633241653,0.1078148633241653,0.1078148633241653,0.1078148633241653,0.0
2020-12-28,0.1078148633241653,0.1078148633241653,0.1078148633241653,0.1078148633241653,0.0
2020-12-29,0.1069523319602012,0.1069523319602012,0.1069523319602012,0.1069523319602012,5000.0
2020-12-30,0.1060898271290447,0.1060898271290447,0.105227306485176,0.105227306485176,100000.0
2020-12-31,0.105227306485176,0.105227306485176,0.105227306485176,0.105227306485176,131400.0
2021-01-04,0.1069523319602012,0.1069523319602012,0.1069523319602012,0.1069523319602012,500.0
2021-01-05,0.1043647867604546,0.1043647867604546,0.1035022661089897,0.1035022661089897,56200.0
2021-01-06,0.1035022661089897,0.1035022661089897,0.1035022661089897,0.1035022661089897,0.0
2021-01-07,0.1035022661089897,0.1035022661089897,0.1035022661089897,0.1035022661089897,0.0
2021-01-08,0.1035022661089897,0.1035022661089897,0.1035022661089897,0.1035022661089897,0.0
2021-01-11,0.1121274497995704,0.1121274497995704,0.1112649291753768,0.1112649291753768,10100.0
2021-01-12,0.1112649291753768,0.1112649291753768,0.1112649291753768,0.1112649291753768,0.0
2021-01-13,0.1095399154276628,0.1095399154276628,0.1086773946881294,0.1086773946881294,1900.0
2021-01-14,0.1069523319602012,0.1069523319602012,0.1000521802673626,0.1069523319602012,17400.0
2021-01-15,0.1069523319602012,0.1069523319602012,0.1069523319602012,0.1069523319602012,0.0
2021-01-18,0.1069523319602012,0.1069523319602012,0.1069523319602012,0.1069523319602012,0.0
2021-01-19,0.1000522001992304,0.1043647974729538,0.1000522001992304,0.1043647974729538,1800.0
2021-01-20,0.1043647974729538,0.1043647974729538,0.1043647974729538,0.1043647974729538,0.0
2021-01-21,0.1043647974729538,0.1043647974729538,0.1043647974729538,0.1043647974729538,0.0
2021-01-22,0.1043647974729538,0.1043647974729538,0.1043647974729538,0.1043647974729538,0.0
2021-01-25,0.1043647974729538,0.1043647974729538,0.1043647974729538,0.1043647974729538,0.0
2021-01-26,0.1043647974729538,0.1043647974729538,0.1043647974729538,0.1043647974729538,0.0
2021-01-27,0.1112649291753768,0.1112649291753768,0.1112649291753768,0.1112649291753768,21000.0
2021-01-28,0.1112649291753768,0.1112649291753768,0.1112649291753768,0.1112649291753768,0.0
2021-01-29,0.0966021344065666,0.0966021344065666,0.0966021344065666,0.0966021344065666,10000.0
2021-02-01,0.0966021344065666,0.0966021344065666,0.0966021344065666,0.0966021344065666,0.0
2021-02-02,0.0966021344065666,0.0966021344065666,0.0966021344065666,0.0966021344065666,0.0
2021-02-03,0.0966021344065666,0.0966021344065666,0.0966021344065666,0.0966021344065666,200.0
2021-02-04,0.0966021344065666,0.0966021344065666,0.0966021344065666,0.0966021344065666,0.0
2021-02-05,0.0966021344065666,0.0966021344065666,0.0966021344065666,0.0966021344065666,0.0
2021-02-08,0.1069523413466467,0.1069523413466467,0.105227306485176,0.105227306485176,1800.0
2021-02-09,0.0983271600466768,0.1060898334515865,0.0983271600466768,0.1026397570967674,63300.0
2021-02-10,0.1026397570967674,0.1026397570967674,0.1026397570967674,0.1026397570967674,300.0
2021-02-11,0.1026397570967674,0.1026397570967674,0.1026397570967674,0.1026397570967674,0.0
2021-02-15,0.1026397570967674,0.1026397570967674,0.1026397570967674,0.1026397570967674,0.0
2021-02-16,0.1026397570967674,0.1026397570967674,0.1026397570967674,0.1026397570967674,0.0
2021-02-17,0.1026397570967674,0.1026397570967674,0.1026397570967674,0.1026397570967674,0.0
2021-02-18,0.1026397570967674,0.1026397570967674,0.1026397570967674,0.1026397570967674,0.0
2021-02-19,0.1026397570967674,0.1026397570967674,0.1026397570967674,0.1026397570967674,0.0
2021-02-22,0.1026397570967674,0.1026397570967674,0.1026397570967674,0.1026397570967674,0.0
2021-02-23,0.1026397570967674,0.1026397570967674,0.1026397570967674,0.1026397570967674,0.0
2021-02-24,0.1017772331833839,0.1017772331833839,0.1017772331833839,0.1017772331833839,20000.0
2021-02-25,0.1017772331833839,0.1017772331833839,0.1017772331833839,0.1017772331833839,0.0
2021-02-26,0.1026397570967674,0.1026397570967674,0.1026397570967674,0.1026397570967674,2000.0
2021-03-01,0.1026397570967674,0.1026397570967674,0.1026397570967674,0.1026397570967674,38000.0
2021-03-02,0.0996247884323118,0.1048681959509849,0.0882640699714952,0.1048681959509849,50100.0
2021-03-03,0.1048681959509849,0.1048681959509849,0.1048681959509849,0.1048681959509849,0.0
2021-03-04,0.0978769958019256,0.0978769958019256,0.0978769958019256,0.0978769958019256,28400.0
2021-03-05,0.0978769958019256,0.0978769958019256,0.0978769958019256,0.0978769958019256,0.0
2021-03-08,0.0970030899221958,0.0987508903526424,0.096129186451435,0.096129186451435,513000.0
2021-03-09,0.0978769841425405,0.0978769841425405,0.0943813771009445,0.0943813771009445,108000.0
2021-03-10,0.0943813771009445,0.0943813771009445,0.0943813771009445,0.0943813771009445,0.0
2021-03-11,0.0943813771009445,0.0943813771009445,0.0943813771009445,0.0943813771009445,0.0
2021-03-12,0.1039942957920128,0.1083637997508049,0.1039942957920128,0.1083637997508049,35500.0
2021-03-15,0.1048681926771265,0.1083637997508049,0.1048681926771265,0.1083637997508049,41000.0
2021-03-16,0.1092377087194262,0.1153550197826509,0.1092377087194262,0.1136072129011154,37500.0
2021-03-17,0.1179767288192074,0.1179767288192074,0.10224649310112,0.10224649310112,55000.0
2021-03-18,0.1022464915256923,0.1022464915256923,0.10049869120121,0.10049869120121,20100.0
2021-03-19,0.10049869120121,0.10049869120121,0.10049869120121,0.10049869120121,6400.0
2021-03-22,0.10049869120121,0.10049869120121,0.10049869120121,0.10049869120121,0.0
2021-03-23,0.0961291847986312,0.110985517501831,0.0961291847986312,0.110985517501831,20600.0
2021-03-24,0.110985517501831,0.110985517501831,0.110985517501831,0.110985517501831,0.0
2021-03-25,0.110985517501831,0.110985517501831,0.110985517501831,0.110985517501831,0.0
2021-03-26,0.10049869120121,0.10049869120121,0.10049869120121,0.10049869120121,350000.0
2021-03-29,0.10049869120121,0.10049869120121,0.10049869120121,0.10049869120121,0.0
2021-03-30,0.10049869120121,0.10049869120121,0.10049869120121,0.10049869120121,0.0
2021-03-31,0.10049869120121,0.10049869120121,0.10049869120121,0.10049869120121,0.0
2021-04-01,0.10049869120121,0.10049869120121,0.10049869120121,0.10049869120121,35000.0
2021-04-05,0.10049869120121,0.10049869120121,0.10049869120121,0.10049869120121,0.0
2021-04-06,0.10049869120121,0.10049869120121,0.10049869120121,0.10049869120121,0.0
2021-04-07,0.1048681959509849,0.1048681959509849,0.1048681959509849,0.1048681959509849,100.0
2021-04-08,0.1092377031469931,0.1092377031469931,0.1048681926771265,0.1083637997508049,45400.0
2021-04-09,0.1092377081513404,0.1092377081513404,0.1092377081513404,0.1092377081513404,22000.0
2021-04-12,0.1092377087194262,0.1179767301049542,0.1092377087194262,0.1136072129011154,128200.0
2021-04-13,0.1136072129011154,0.1136072129011154,0.1136072129011154,0.1136072129011154,0.0
2021-04-14,0.1136072129011154,0.1136072129011154,0.1136072129011154,0.1136072129011154,0.0
2021-04-15,0.1118594333529472,0.1118594333529472,0.1118594333529472,0.1118594333529472,100.0
2021-04-16,0.1118594333529472,0.1118594333529472,0.1118594333529472,0.1118594333529472,22600.0
2021-04-19,0.1118594333529472,0.1118594333529472,0.1118594333529472,0.1118594333529472,0.0
2021-04-20,0.1118594190417295,0.1136072129011154,0.1118594190417295,0.1136072129011154,112400.0
2021-04-21,0.114481121301651,0.114481121301651,0.114481121301651,0.114481121301651,16300.0
2021-04-22,0.1127333094603476,0.1144811163418831,0.1127333094603476,0.1136072129011154,265300.0
2021-04-23,0.1136072129011154,0.1136072129011154,0.1136072129011154,0.1136072129011154,0.0
2021-04-26,0.1136072129011154,0.1136072129011154,0.1136072129011154,0.1136072129011154,300000.0
2021-04-27,0.1136072129011154,0.1136072129011154,0.1136072129011154,0.1136072129011154,0.0
2021-04-28,0.1127333094603476,0.1144811163418831,0.1127333094603476,0.1136072129011154,263700.0
2021-04-29,0.1136072129011154,0.1136072129011154,0.1136072129011154,0.1136072129011154,0.0
2021-04-30,0.1136072129011154,0.1136072129011154,0.1136072129011154,0.1136072129011154,0.0
2021-05-03,0.1136072129011154,0.1136072129011154,0.1136072129011154,0.1136072129011154,0.0
2021-05-04,0.1136072129011154,0.1136072129011154,0.1136072129011154,0.1136072129011154,0.0
2021-05-05,0.1092377081513404,0.1092377081513404,0.1092377081513404,0.1092377081513404,8400.0
2021-05-06,0.1092377081513404,0.1092377081513404,0.1092377081513404,0.1092377081513404,0.0
2021-05-07,0.1136072129011154,0.1136072129011154,0.1136072129011154,0.1136072129011154,23000.0
2021-05-10,0.1136072129011154,0.1136072129011154,0.1136072129011154,0.1136072129011154,0.0
2021-05-11,0.1118594190417295,0.1136072129011154,0.1118594190417295,0.1136072129011154,98100.0
2021-05-12,0.1136072129011154,0.1136072129011154,0.1136072129011154,0.1136072129011154,0.0
2021-05-14,0.1136072129011154,0.1136072129011154,0.1136072129011154,0.1136072129011154,60000.0
2021-05-17,0.1136072129011154,0.1136072129011154,0.1136072129011154,0.1136072129011154,50000.0
2021-05-18,0.1136072154112368,0.1136072154112368,0.1127333119511604,0.1127333119511604,400.0
2021-05-19,0.1127333119511604,0.1127333119511604,0.1127333119511604,0.1127333119511604,0.0
2021-05-20,0.1057421118021011,0.1057421118021011,0.1057421118021011,0.1057421118021011,130000.0
2021-05-21,0.1031204066354724,0.1031204066354724,0.1013725996017456,0.1013725996017456,178300.0
2021-05-24,0.1013725996017456,0.1013725996017456,0.1013725996017456,0.1013725996017456,0.0
2021-05-25,0.1013725996017456,0.1013725996017456,0.1013725996017456,0.1013725996017456,0.0
2021-05-27,0.1013725996017456,0.1013725996017456,0.1013725996017456,0.1013725996017456,0.0
2021-05-28,0.1083638078441004,0.1083638078441004,0.0987508893013,0.0987508893013,600.0
2021-05-31,0.0996247927627569,0.0996247927627569,0.0987508893013,0.0987508893013,82700.0
2021-06-01,0.0978769958019256,0.0978769958019256,0.0978769958019256,0.0978769958019256,54000.0
2021-06-02,0.0978769958019256,0.0978769958019256,0.0978769958019256,0.0978769958019256,0.0
2021-06-03,0.0978769958019256,0.0978769958019256,0.0978769958019256,0.0978769958019256,0.0
2021-06-04,0.0978769958019256,0.0978769958019256,0.0978769958019256,0.0978769958019256,0.0
2021-06-07,0.0978769958019256,0.0978769958019256,0.0978769958019256,0.0978769958019256,0.0
2021-06-08,0.0978769958019256,0.0978769958019256,0.0978769958019256,0.0978769958019256,0.0
2021-06-09,0.0978769958019256,0.0978769958019256,0.0978769958019256,0.0978769958019256,0.0
2021-06-10,0.1022464889996364,0.1083637997508049,0.1022464889996364,0.1083637997508049,10000.0
2021-06-11,0.1083637997508049,0.1083637997508049,0.1083637997508049,0.1083637997508049,0.0
2021-06-14,0.1083637997508049,0.1083637997508049,0.1083637997508049,0.1083637997508049,0.0
2021-06-15,0.0961291812495048,0.1048681959509849,0.0961291812495048,0.1048681959509849,23000.0
2021-06-16,0.1039943099021911,0.1039943099021911,0.1039943099021911,0.1039943099021911,37700.0
2021-06-17,0.1039943099021911,0.1039943099021911,0.1039943099021911,0.1039943099021911,0.0
2021-06-18,0.1039943099021911,0.1039943099021911,0.1039943099021911,0.1039943099021911,0.0
2021-06-21,0.1039943099021911,0.1039943099021911,0.1039943099021911,0.1039943099021911,0.0
2021-06-22,0.1039943099021911,0.1039943099021911,0.1039943099021911,0.1039943099021911,30000.0
2021-06-23,0.1031204015016555,0.1031204015016555,0.1031204015016555,0.1031204015016555,400000.0
2021-06-24,0.1031204015016555,0.1031204015016555,0.1031204015016555,0.1031204015016555,0.0
2021-06-25,0.1031204015016555,0.1031204015016555,0.1031204015016555,0.1031204015016555,0.0
2021-06-28,0.1031204015016555,0.1031204015016555,0.1031204015016555,0.1031204015016555,0.0
2021-06-29,0.1031204015016555,0.1031204015016555,0.1031204015016555,0.1031204015016555,0.0
2021-06-30,0.0970030846729753,0.1048681959509849,0.0970030846729753,0.1048681959509849,600.0
2021-07-01,0.1048681959509849,0.1048681959509849,0.1048681959509849,0.1048681959509849,0.0
2021-07-02,0.1048681959509849,0.1048681959509849,0.1048681959509849,0.1048681959509849,0.0
2021-07-05,0.1039943099021911,0.1039943099021911,0.1039943099021911,0.1039943099021911,200.0
2021-07-06,0.1039943099021911,0.1039943099021911,0.1039943099021911,0.1039943099021911,0.0
2021-07-07,0.1039943099021911,0.1039943099021911,0.1039943099021911,0.1039943099021911,0.0
2021-07-08,0.1039943099021911,0.1039943099021911,0.1039943099021911,0.1039943099021911,0.0
2021-07-09,0.1039943099021911,0.1039943099021911,0.1039943099021911,0.1039943099021911,0.0
2021-07-12,0.1039943099021911,0.1039943099021911,0.1039943099021911,0.1039943099021911,0.0
2021-07-13,0.1039943099021911,0.1039943099021911,0.1039943099021911,0.1039943099021911,0.0
2021-07-14,0.1039943099021911,0.1039943099021911,0.1039943099021911,0.1039943099021911,0.0
2021-07-15,0.1039943099021911,0.1039943099021911,0.1039943099021911,0.1039943099021911,0.0
2021-07-16,0.1039943099021911,0.1039943099021911,0.1039943099021911,0.1039943099021911,0.0
2021-07-19,0.1039943099021911,0.1039943099021911,0.1039943099021911,0.1039943099021911,0.0
2021-07-21,0.1039943099021911,0.1039943099021911,0.1039943099021911,0.1039943099021911,0.0
2021-07-22,0.1039943099021911,0.1039943099021911,0.1039943099021911,0.1039943099021911,0.0
2021-07-23,0.1039943099021911,0.1039943099021911,0.1039943099021911,0.1039943099021911,0.0
2021-07-26,0.1039943099021911,0.1039943099021911,0.1039943099021911,0.1039943099021911,400.0
2021-07-27,0.1039943099021911,0.1039943099021911,0.1039943099021911,0.1039943099021911,0.0
2021-07-28,0.1039943099021911,0.1039943099021911,0.1039943099021911,0.1039943099021911,0.0
2021-07-29,0.1031203956151188,0.1048681959509849,0.1031203956151188,0.1048681959509849,200.0
2021-07-30,0.1048681959509849,0.1048681959509849,0.1048681959509849,0.1048681959509849,0.0
2021-08-02,0.1048682042068558,0.1048682042068558,0.0978769958019256,0.0978769958019256,400.0
2021-08-03,0.0978769958019256,0.0978769958019256,0.0978769958019256,0.0978769958019256,0.0
2021-08-04,0.0978769958019256,0.0978769958019256,0.0978769958019256,0.0978769958019256,0.0
2021-08-05,0.0978769958019256,0.0978769958019256,0.0978769958019256,0.0978769958019256,0.0
2021-08-06,0.0978769958019256,0.0978769958019256,0.0978769958019256,0.0978769958019256,0.0
2021-08-10,0.0978769958019256,0.0978769958019256,0.0978769958019256,0.0978769958019256,0.0
2021-08-11,0.0978769880964457,0.1048681959509849,0.0873901665480248,0.1048681959509849,150100.0
2021-08-12,0.1048681934979118,0.1048681934979118,0.086516261100769,0.086516261100769,169500.0
2021-08-13,0.0943813921498081,0.0952552891662418,0.0873901769518852,0.0873901769518852,127000.0
2021-08-16,0.0873901769518852,0.0873901769518852,0.0873901769518852,0.0873901769518852,0.0
2021-08-17,0.0873901769518852,0.0873901769518852,0.0873901769518852,0.0873901769518852,0.0
2021-08-18,0.0917596927760497,0.0917596927760497,0.0812728752092392,0.0908857956528663,180100.0
2021-08-19,0.0838945636168167,0.0891379714012146,0.0838945636168167,0.0891379714012146,110600.0
2021-08-20,0.0873901782112535,0.0873901782112535,0.0847684741020202,0.0847684741020202,112000.0
2021-08-23,0.084768472880433,0.0891379774958282,0.0830206658254145,0.0873901769518852,74700.0
2021-08-24,0.0873901769518852,0.0873901769518852,0.0873901769518852,0.0873901769518852,0.0
2021-08-25,0.0812728578992141,0.0812728578992141,0.0803989544510841,0.0803989544510841,138000.0
2021-08-26,0.0786511483826326,0.0821467489004135,0.0751555413537773,0.0821467489004135,170100.0
2021-08-27,0.0786511674523353,0.0786511674523353,0.0786511674523353,0.0786511674523353,3200.0
2021-08-30,0.0742816453956227,0.081272860152329,0.0725338384509086,0.0725338384509086,127300.0
2021-08-31,0.0742816453956227,0.0795250532076149,0.0725338384509086,0.0725338384509086,271000.0
2021-09-01,0.0751555487513542,0.0751555487513542,0.0751555487513542,0.0751555487513542,39100.0
2021-09-02,0.0751555487513542,0.0751555487513542,0.0751555487513542,0.0751555487513542,0.0
2021-09-03,0.0751555501869514,0.0786511576266521,0.0751555501869514,0.0769033506512641,38300.0
2021-09-06,0.0769033506512641,0.0769033506512641,0.0769033506512641,0.0769033506512641,0.0
2021-09-07,0.0769033506512641,0.0769033506512641,0.0769033506512641,0.0769033506512641,0.0
2021-09-08,0.0769033506512641,0.0769033506512641,0.0769033506512641,0.0769033506512641,100.0
2021-09-09,0.0769033506512641,0.0769033506512641,0.0769033506512641,0.0769033506512641,0.0
2021-09-10,0.0769033506512641,0.0769033506512641,0.0769033506512641,0.0769033506512641,0.0
2021-09-13,0.0769033506512641,0.0769033506512641,0.0769033506512641,0.0769033506512641,0.0
2021-09-14,0.0769033506512641,0.0769033506512641,0.0769033506512641,0.0769033506512641,0.0
2021-09-15,0.0769033506512641,0.0769033506512641,0.0769033506512641,0.0769033506512641,0.0
2021-09-16,0.0769033506512641,0.0769033506512641,0.0769033506512641,0.0769033506512641,8100.0
2021-09-17,0.0769033506512641,0.0769033506512641,0.0769033506512641,0.0769033506512641,0.0
2021-09-20,0.0821467612353245,0.0830206647515297,0.0812728642301947,0.0830206647515297,166800.0
2021-09-21,0.0769033541550008,0.0873901769518852,0.0769033541550008,0.0873901769518852,12300.0
2021-09-22,0.086516261100769,0.086516261100769,0.086516261100769,0.086516261100769,29900.0
2021-09-23,0.086516261100769,0.086516261100769,0.086516261100769,0.086516261100769,0.0
2021-09-24,0.0873901769518852,0.0873901769518852,0.0873901769518852,0.0873901769518852,71200.0
2021-09-27,0.0882640704512596,0.0882640704512596,0.087390167023039,0.0882640704512596,11100.0
2021-09-28,0.0943813959008948,0.0952552929520607,0.0943813959008948,0.0952552929520607,78000.0
2021-09-29,0.0952552929520607,0.0952552929520607,0.0952552929520607,0.0952552929520607,0.0
2021-09-30,0.0952552929520607,0.0952552929520607,0.0952552929520607,0.0952552929520607,0.0
2021-10-01,0.0952552829806743,0.096129186451435,0.0952552829806743,0.096129186451435,5400.0
2021-10-04,0.0961291888173867,0.0978769958019256,0.0961291888173867,0.0978769958019256,28100.0
2021-10-05,0.0926335703246092,0.0961291773662053,0.0926335703246092,0.0943813771009445,320500.0
2021-10-06,0.0917596742510795,0.0917596742510795,0.0917596742510795,0.0917596742510795,259800.0
2021-10-07,0.0943813860209885,0.096129186451435,0.0943813860209885,0.096129186451435,60000.0
2021-10-08,0.096129186451435,0.096129186451435,0.096129186451435,0.096129186451435,400.0
2021-10-11,0.096129186451435,0.096129186451435,0.096129186451435,0.096129186451435,50000.0
2021-10-12,0.0987508893013,0.0987508893013,0.0987508893013,0.0987508893013,26500.0
2021-10-13,0.0987508893013,0.0987508893013,0.0987508893013,0.0987508893013,0.0
2021-10-14,0.10049869120121,0.10049869120121,0.10049869120121,0.10049869120121,25100.0
2021-10-15,0.1031203965323636,0.1048681968837763,0.0891379676767636,0.10224649310112,155100.0
2021-10-18,0.1013725996017456,0.1013725996017456,0.1013725996017456,0.1013725996017456,70900.0
2021-10-19,0.1013725945549427,0.1031204015016555,0.1013725945549427,0.1031204015016555,1100.0
2021-10-20,0.1048681959509849,0.1048681959509849,0.1048681959509849,0.1048681959509849,18600.0
2021-10-21,0.1057421118021011,0.1057421118021011,0.1057421118021011,0.1057421118021011,222600.0
2021-10-22,0.1057421118021011,0.1057421118021011,0.1057421118021011,0.1057421118021011,0.0
2021-10-25,0.1057421118021011,0.1057421118021011,0.1057421118021011,0.1057421118021011,0.0
2021-10-26,0.1057421118021011,0.1057421118021011,0.1057421118021011,0.1057421118021011,0.0
2021-10-27,0.1074899137020111,0.1074899137020111,0.1074899137020111,0.1074899137020111,20000.0
2021-10-28,0.1074899028656911,0.1083637997508049,0.1074899028656911,0.1083637997508049,30000.0
2021-10-29,0.1092377105903605,0.110985517501831,0.1092377105903605,0.110985517501831,118100.0
2021-11-01,0.110985517501831,0.110985517501831,0.110985517501831,0.110985517501831,0.0
2021-11-02,0.110985517501831,0.110985517501831,0.110985517501831,0.110985517501831,35000.0
2021-11-03,0.110985517501831,0.110985517501831,0.110985517501831,0.110985517501831,0.0
2021-11-05,0.1118594333529472,0.1118594333529472,0.1118594333529472,0.1118594333529472,10000.0
2021-11-08,0.111859414211062,0.1153550148010253,0.111859414211062,0.1153550148010253,48400.0
2021-11-09,0.1153549988633304,0.1310852319002151,0.110985495474039,0.1310852319002151,217800.0
2021-11-10,0.1267157346010208,0.1267157346010208,0.1267157346010208,0.1267157346010208,46000.0
2021-11-11,0.1258418381288958,0.1302113554404199,0.1223462373018264,0.1223462373018264,30300.0
2021-11-12,0.1179767330124523,0.1223462373018264,0.1171028295501474,0.1223462373018264,90300.0
2021-11-15,0.1232201299575897,0.1232201299575897,0.1179767226657634,0.1188506260514259,80000.0
2021-11-16,0.1214723363518714,0.1214723363518714,0.1214723363518714,0.1214723363518714,24100.0
2021-11-17,0.1214723414866013,0.1214723414866013,0.1197245344519615,0.1197245344519615,5900.0
2021-11-18,0.1223462445509016,0.1223462445509016,0.1179767400026321,0.1179767400026321,20100.0
2021-11-19,0.1197245297431539,0.1258418411016464,0.1197245297431539,0.1258418411016464,60100.0
2021-11-22,0.114481112847967,0.1267157346010208,0.114481112847967,0.1267157346010208,102800.0
2021-11-23,0.1258418381288958,0.1337069562674893,0.1223462373018264,0.1223462373018264,160100.0
2021-11-24,0.1258418381288958,0.1258418381288958,0.1223462373018264,0.1223462373018264,26500.0
2021-11-25,0.1223462373018264,0.1223462373018264,0.1223462373018264,0.1223462373018264,0.0
2021-11-26,0.1179767087101936,0.1310852319002151,0.1179767087101936,0.1310852319002151,30100.0
2021-11-29,0.1310852319002151,0.1310852319002151,0.1310852319002151,0.1310852319002151,0.0
2021-11-30,0.1310852319002151,0.1310852319002151,0.1310852319002151,0.1310852319002151,0.0
2021-12-01,0.1310852319002151,0.1310852319002151,0.1310852319002151,0.1310852319002151,0.0
2021-12-02,0.128463541429214,0.128463541429214,0.1136072094338704,0.1267157346010208,3200.0
2021-12-03,0.1267157346010208,0.1267157346010208,0.1267157346010208,0.1267157346010208,0.0
2021-12-06,0.1267157346010208,0.1267157346010208,0.1267157346010208,0.1267157346010208,0.0
2021-12-07,0.1267157346010208,0.1267157346010208,0.1267157346010208,0.1267157346010208,0.0
2021-12-08,0.1223462445509016,0.1223462445509016,0.1179767400026321,0.1179767400026321,24000.0
2021-12-09,0.1223462373018264,0.1223462373018264,0.1223462373018264,0.1223462373018264,7600.0
2021-12-10,0.1179767330124523,0.1223462373018264,0.1179767330124523,0.1223462373018264,262100.0
2021-12-13,0.1223462373018264,0.1223462373018264,0.1223462373018264,0.1223462373018264,0.0
2021-12-14,0.1267157442119972,0.1284635511727558,0.1214723363518714,0.1214723363518714,120200.0
2021-12-15,0.1214723363518714,0.1214723363518714,0.1214723363518714,0.1214723363518714,0.0
2021-12-16,0.1223462373018264,0.1223462373018264,0.1223462373018264,0.1223462373018264,49500.0
2021-12-17,0.1232201433126301,0.1232201433126301,0.1214723363518714,0.1214723363518714,400.0
2021-12-20,0.1214723363518714,0.1214723363518714,0.1214723363518714,0.1214723363518714,29800.0
2021-12-21,0.1214723363518714,0.1214723363518714,0.1214723363518714,0.1214723363518714,0.0
2021-12-22,0.1214723363518714,0.1214723363518714,0.1214723363518714,0.1214723363518714,0.0
2021-12-23,0.1240940392017364,0.1240940392017364,0.1240940392017364,0.1240940392017364,7500.0
2021-12-24,0.1240940392017364,0.1240940392017364,0.1240940392017364,0.1240940392017364,0.0
2021-12-27,0.1284635511727558,0.1284635511727558,0.1214723363518714,0.1214723363518714,600.0
2021-12-28,0.1214723363518714,0.1284635511727558,0.1214723363518714,0.1214723363518714,29100.0
2021-12-29,0.1284635514020919,0.1284635514020919,0.1284635514020919,0.1284635514020919,100.0
2021-12-30,0.1188506260514259,0.1258418270924285,0.1188506260514259,0.1188506260514259,300.0
2021-12-31,0.1188506260514259,0.1188506260514259,0.1188506260514259,0.1188506260514259,0.0
2022-01-03,0.1188506260514259,0.1188506260514259,0.1188506260514259,0.1188506260514259,0.0
2022-01-04,0.1188506260514259,0.1188506260514259,0.1188506260514259,0.1188506260514259,0.0
2022-01-05,0.1197245344519615,0.1197245344519615,0.1197245344519615,0.1197245344519615,900.0
2022-01-06,0.1197245344519615,0.1197245344519615,0.1197245344519615,0.1197245344519615,0.0
2022-01-07,0.1197245344519615,0.1197245344519615,0.1197245344519615,0.1197245344519615,0.0
2022-01-10,0.1197245344519615,0.1197245344519615,0.1197245344519615,0.1197245344519615,0.0
2022-01-11,0.1267157346010208,0.1267157346010208,0.1267157346010208,0.1267157346010208,100.0
2022-01-12,0.1267157346010208,0.1267157346010208,0.1267157346010208,0.1267157346010208,0.0
2022-01-13,0.1267157415912006,0.1275896450535054,0.1223462373018264,0.1223462373018264,2681900.0
2022-01-14,0.1354547659936402,0.1354547659936402,0.1214723363518714,0.1214723363518714,7600.0
2022-01-17,0.1214723363518714,0.1214723363518714,0.1214723363518714,0.1214723363518714,0.0
2022-01-18,0.1214723363518714,0.1214723363518714,0.1214723363518714,0.1214723363518714,0.0
2022-01-19,0.1214723363518714,0.1214723363518714,0.1214723363518714,0.1214723363518714,0.0
2022-01-20,0.1205984328714921,0.1214723363518714,0.1205984328714921,0.1214723363518714,20000.0
2022-01-21,0.1214723363518714,0.1214723363518714,0.1214723363518714,0.1214723363518714,0.0
2022-01-24,0.1214723363518714,0.1214723363518714,0.1214723363518714,0.1214723363518714,0.0
2022-01-25,0.1214723363518714,0.1214723363518714,0.1214723363518714,0.1214723363518714,0.0
2022-01-26,0.1214723363518714,0.1214723363518714,0.1214723363518714,0.1214723363518714,0.0
2022-01-27,0.1214723363518714,0.1214723363518714,0.1214723363518714,0.1214723363518714,0.0
2022-01-28,0.1214723363518714,0.1214723363518714,0.1214723363518714,0.1214723363518714,0.0
2022-01-31,0.1214723363518714,0.1214723363518714,0.1214723363518714,0.1214723363518714,0.0
2022-02-03,0.1214723363518714,0.1214723363518714,0.1214723363518714,0.1214723363518714,0.0
2022-02-04,0.1214723363518714,0.1214723363518714,0.1214723363518714,0.1214723363518714,0.0
2022-02-07,0.1179767400026321,0.1179767400026321,0.1179767400026321,0.1179767400026321,7800.0
2022-02-08,0.1179767400026321,0.1179767400026321,0.1179767400026321,0.1179767400026321,0.0
2022-02-09,0.1179767400026321,0.1179767400026321,0.1179767400026321,0.1179767400026321,0.0
2022-02-10,0.1179767400026321,0.1179767400026321,0.1179767400026321,0.1179767400026321,15200.0
2022-02-11,0.1179767400026321,0.1179767400026321,0.1179767400026321,0.1179767400026321,0.0
2022-02-14,0.1057420993744553,0.1057420993744553,0.1048681959509849,0.1048681959509849,120000.0
2022-02-15,0.1048681974812999,0.1092377081513404,0.1031203971199286,0.1092377081513404,52100.0
2022-02-16,0.1092377081513404,0.1092377081513404,0.1092377081513404,0.1092377081513404,0.0
2022-02-17,0.1171028266641864,0.1171028266641864,0.1136072129011154,0.1136072129011154,5700.0
2022-02-18,0.1136072129011154,0.1136072129011154,0.1136072129011154,0.1136072129011154,0.0
2022-02-21,0.1136072129011154,0.1136072129011154,0.1136072129011154,0.1136072129011154,0.0
2022-02-22,0.0961291888173867,0.109237715157128,0.0961291888173867,0.0978769958019256,157100.0
2022-02-23,0.096129186451435,0.096129186451435,0.096129186451435,0.096129186451435,700.0
2022-02-24,0.0952552866539209,0.104868205669759,0.0926335826516151,0.0926335826516151,3541500.0
2022-02-25,0.100498702354221,0.1039943099021911,0.100498702354221,0.1039943099021911,243700.0
2022-02-28,0.1048682069058771,0.1048682069058771,0.1039943099021911,0.1039943099021911,58000.0
2022-03-01,0.1054744934303553,0.1107925325632095,0.1054744934303553,0.1107925325632095,201100.0
2022-03-02,0.109019860625267,0.109019860625267,0.109019860625267,0.109019860625267,100.0
2022-03-03,0.10547449026842,0.1081335097551345,0.10547449026842,0.1081335097551345,59500.0
2022-03-04,0.1054744943976402,0.1054744943976402,0.1054744943976402,0.1054744943976402,116800.0
2022-03-07,0.1054744943976402,0.1054744943976402,0.1054744943976402,0.1054744943976402,2000.0
2022-03-08,0.1019291281700134,0.1019291281700134,0.1019291281700134,0.1019291281700134,105000.0
2022-03-09,0.1019291281700134,0.1019291281700134,0.1019291281700134,0.1019291281700134,0.0
2022-03-10,0.1019291281700134,0.1019291281700134,0.1019291281700134,0.1019291281700134,0.0
2022-03-11,0.1019291281700134,0.1019291281700134,0.1019291281700134,0.1019291281700134,0.0
2022-03-14,0.1019291281700134,0.1019291281700134,0.1019291281700134,0.1019291281700134,0.0
2022-03-15,0.1019291281700134,0.1019291281700134,0.1019291281700134,0.1019291281700134,0.0
2022-03-16,0.1019291281700134,0.1019291281700134,0.1019291281700134,0.1019291281700134,0.0
2022-03-17,0.1019291323942607,0.1019291323942607,0.099270112812519,0.099270112812519,517900.0
2022-03-18,0.1045881509780883,0.1045881509780883,0.1045881509780883,0.1045881509780883,100.0
2022-03-21,0.1045881509780883,0.1045881509780883,0.1045881509780883,0.1045881509780883,0.0
2022-03-22,0.1045881509780883,0.1045881509780883,0.1045881509780883,0.1045881509780883,0.0
2022-03-23,0.1045881509780883,0.1045881509780883,0.1045881509780883,0.1045881509780883,0.0
2022-03-24,0.1037018075585365,0.1037018075585365,0.1037018075585365,0.1037018075585365,3700.0
2022-03-25,0.1099061911394857,0.1107925332013161,0.099270112812519,0.099270112812519,84900.0
2022-03-28,0.099270112812519,0.099270112812519,0.099270112812519,0.099270112812519,100000.0
2022-03-29,0.1045881509780883,0.1045881509780883,0.1045881509780883,0.1045881509780883,50000.0
2022-03-30,0.1045881509780883,0.1045881509780883,0.1045881509780883,0.1045881509780883,0.0
2022-03-31,0.1045881509780883,0.1045881509780883,0.1045881509780883,0.1045881509780883,0.0
2022-04-01,0.1045881509780883,0.1045881509780883,0.1045881509780883,0.1045881509780883,1000.0
2022-04-04,0.1045881509780883,0.1045881509780883,0.1045881509780883,0.1045881509780883,0.0
2022-04-05,0.1045881523327862,0.1054744943976402,0.1045881523327862,0.1054744943976402,48000.0
2022-04-06,0.1019291323942607,0.1019291323942607,0.099270112812519,0.099270112812519,49000.0
2022-04-07,0.1037018075585365,0.1037018075585365,0.1037018075585365,0.1037018075585365,50000.0
2022-04-08,0.1037018075585365,0.1037018075585365,0.1037018075585365,0.1037018075585365,50000.0
2022-04-11,0.1010427922010421,0.1010427922010421,0.1001564501228204,0.1010427922010421,80100.0
2022-04-12,0.1045881509780883,0.1045881509780883,0.1045881509780883,0.1045881509780883,30100.0
2022-04-13,0.1045881429866778,0.109906181693077,0.1045881429866778,0.109906181693077,32200.0
2022-04-14,0.109906181693077,0.109906181693077,0.109906181693077,0.109906181693077,0.0
2022-04-18,0.1081335141711553,0.1081335141711553,0.1001564487814903,0.1001564487814903,80300.0
2022-04-19,0.1001564487814903,0.1001564487814903,0.1001564487814903,0.1001564487814903,0.0
2022-04-20,0.1045881509780883,0.1045881509780883,0.1045881509780883,0.1045881509780883,5000.0
2022-04-21,0.1045881509780883,0.1045881509780883,0.1045881509780883,0.1045881509780883,12000.0
2022-04-22,0.1045881509780883,0.1045881509780883,0.1045881509780883,0.1045881509780883,0.0
2022-04-25,0.1045881509780883,0.1045881509780883,0.1045881509780883,0.1045881509780883,0.0
2022-04-26,0.1045881509780883,0.1045881509780883,0.1045881509780883,0.1045881509780883,0.0
2022-04-27,0.1045881509780883,0.1045881509780883,0.1045881509780883,0.1045881509780883,0.0
2022-04-28,0.1045881509780883,0.1045881509780883,0.1045881509780883,0.1045881509780883,0.0
2022-04-29,0.098383774190076,0.098383774190076,0.0966110900044441,0.0966110900044441,80000.0
2022-05-04,0.1045881490630727,0.1045881490630727,0.0974974259734153,0.0974974259734153,132900.0
2022-05-05,0.1019291281700134,0.1019291281700134,0.1019291281700134,0.1019291281700134,500.0
2022-05-06,0.0974974240199137,0.101042785493706,0.0957247465848922,0.0957247465848922,140000.0
2022-05-09,0.1028154715895652,0.1037018136836132,0.1028154715895652,0.1028154715895652,8500.0
2022-05-10,0.1028154715895652,0.1028154715895652,0.1028154715895652,0.1028154715895652,800.0
2022-05-11,0.0939520638804655,0.0939520638804655,0.0904067023563206,0.0912930443882942,100000.0
2022-05-12,0.0912930443882942,0.0912930443882942,0.0912930443882942,0.0912930443882942,0.0
2022-05-13,0.0912930462798896,0.1019291310727043,0.0912930462798896,0.0930657237768173,161600.0
2022-05-17,0.1019291360992671,0.1028154715895652,0.1019291360992671,0.1028154715895652,49000.0
2022-05-18,0.1028154715895652,0.1028154715895652,0.1028154715895652,0.1028154715895652,0.0
2022-05-19,0.1028154715895652,0.1028154715895652,0.1028154715895652,0.1028154715895652,0.0
2022-05-20,0.1028154715895652,0.1028154715895652,0.1028154715895652,0.1028154715895652,0.0
2022-05-23,0.1028154668713413,0.1045881509780883,0.1028154668713413,0.1045881509780883,12300.0
2022-05-24,0.1045881509780883,0.1045881509780883,0.1045881509780883,0.1045881509780883,0.0
2022-05-25,0.1045881509780883,0.1045881509780883,0.1045881509780883,0.1045881509780883,0.0
2022-05-26,0.1045881509780883,0.1045881509780883,0.1045881509780883,0.1045881509780883,0.0
2022-05-27,0.1045881509780883,0.1045881509780883,0.1045881509780883,0.1045881509780883,0.0
2022-05-30,0.1045881509780883,0.1045881509780883,0.1045881509780883,0.1045881509780883,0.0
2022-05-31,0.1045881509780883,0.1045881509780883,0.1045881509780883,0.1045881509780883,0.0
2022-06-01,0.1045881509780883,0.1045881509780883,0.1045881509780883,0.1045881509780883,0.0
2022-06-02,0.1037018070259282,0.1037018070259282,0.0974974259734153,0.0974974259734153,10200.0
2022-06-03,0.0974974259734153,0.0974974259734153,0.0974974259734153,0.0974974259734153,0.0
2022-06-06,0.1037018089247148,0.1045881509780883,0.1037018089247148,0.1045881509780883,18400.0
2022-06-07,0.0974974277585994,0.1045881509780883,0.0974974277585994,0.1045881509780883,115000.0
2022-06-08,0.1045881509780883,0.1045881509780883,0.1045881509780883,0.1045881509780883,0.0
2022-06-09,0.1045881492586056,0.1152242273092269,0.1045881492586056,0.1152242273092269,12097500.0
2022-06-10,0.1063608270798773,0.1063608270798773,0.1037018075585365,0.1037018075585365,80000.0
2022-06-13,0.1037018136836132,0.1037018136836132,0.0966110901387294,0.1028154715895652,210200.0
2022-06-14,0.1019291360992671,0.1028154715895652,0.1019291360992671,0.1028154715895652,194900.0
2022-06-15,0.1028154715895652,0.1028154715895652,0.1028154715895652,0.1028154715895652,0.0
2022-06-16,0.1028154715895652,0.1028154715895652,0.1028154715895652,0.1028154715895652,0.0
2022-06-17,0.1028154715895652,0.1028154715895652,0.1028154715895652,0.1028154715895652,0.0
2022-06-20,0.1028154715895652,0.1028154715895652,0.1028154715895652,0.1028154715895652,0.0
2022-06-21,0.1028154655168398,0.1045881496002332,0.1028154655168398,0.1037018075585365,122000.0
2022-06-22,0.1037018075585365,0.1037018075585365,0.1037018075585365,0.1037018075585365,0.0
2022-06-23,0.1037018075585365,0.1037018075585365,0.1037018075585365,0.1037018075585365,0.0
2022-06-24,0.1037018075585365,0.1037018075585365,0.1037018075585365,0.1037018075585365,0.0
2022-06-27,0.1037018075585365,0.1037018075585365,0.1037018075585365,0.1037018075585365,0.0
2022-06-28,0.1037018075585365,0.1037018075585365,0.1037018075585365,0.1037018075585365,0.0
2022-06-29,0.1090198576975388,0.1090198576975388,0.1010427922010421,0.1010427922010421,108300.0
2022-06-30,0.1010427922010421,0.1010427922010421,0.1010427922010421,0.1010427922010421,0.0
2022-07-01,0.1010427922010421,0.1010427922010421,0.1010427922010421,0.1010427922010421,0.0
2022-07-04,0.1010427922010421,0.1010427922010421,0.1010427922010421,0.1010427922010421,8000.0
2022-07-05,0.1045881509780883,0.1045881509780883,0.1045881509780883,0.1045881509780883,10000.0
2022-07-06,0.1063608284810858,0.1063608284810858,0.1045881509780883,0.1045881509780883,12000.0
2022-07-07,0.1045881509780883,0.1045881509780883,0.1045881509780883,0.1045881509780883,0.0
2022-07-08,0.1045881509780883,0.1045881509780883,0.1045881509780883,0.1045881509780883,0.0
2022-07-12,0.1045881509780883,0.1045881509780883,0.1045881509780883,0.1045881509780883,0.0
2022-07-13,0.1045881509780883,0.1045881509780883,0.1045881509780883,0.1045881509780883,0.0
2022-07-14,0.1045881509780883,0.1045881509780883,0.1045881509780883,0.1045881509780883,0.0
2022-07-15,0.1045881509780883,0.1045881509780883,0.1045881509780883,0.1045881509780883,0.0
2022-07-18,0.1045881509780883,0.1045881509780883,0.1045881509780883,0.1045881509780883,0.0
2022-07-19,0.1045881509780883,0.1045881509780883,0.1045881509780883,0.1045881509780883,0.0
2022-07-20,0.1045881509780883,0.1045881509780883,0.1045881509780883,0.1045881509780883,0.0
2022-07-21,0.1045881509780883,0.1045881509780883,0.1045881509780883,0.1045881509780883,0.0
2022-07-22,0.1045881509780883,0.1045881509780883,0.1045881509780883,0.1045881509780883,0.0
2022-07-25,0.1045881509780883,0.1045881509780883,0.1045881509780883,0.1045881509780883,0.0
2022-07-26,0.1045881509780883,0.1045881509780883,0.1045881509780883,0.1045881509780883,0.0
2022-07-27,0.0974974286888582,0.099270112812519,0.0974974286888582,0.099270112812519,500.0
2022-07-28,0.1107925236787266,0.1107925236787266,0.109906181693077,0.109906181693077,30000.0
2022-07-29,0.109906181693077,0.109906181693077,0.109906181693077,0.109906181693077,0.0
2022-08-01,0.109906181693077,0.109906181693077,0.109906181693077,0.109906181693077,0.0
2022-08-02,0.109906181693077,0.109906181693077,0.109906181693077,0.109906181693077,0.0
2022-08-03,0.109906181693077,0.109906181693077,0.109906181693077,0.109906181693077,0.0
2022-08-04,0.109906181693077,0.109906181693077,0.109906181693077,0.109906181693077,0.0
2022-08-05,0.109906181693077,0.109906181693077,0.109906181693077,0.109906181693077,0.0
2022-08-08,0.109906181693077,0.109906181693077,0.109906181693077,0.109906181693077,0.0
2022-08-10,0.109906181693077,0.109906181693077,0.109906181693077,0.109906181693077,0.0
2022-08-11,0.109906181693077,0.109906181693077,0.109906181693077,0.109906181693077,0.0
2022-08-12,0.109906181693077,0.109906181693077,0.109906181693077,0.109906181693077,0.0
2022-08-15,0.109906181693077,0.109906181693077,0.109906181693077,0.109906181693077,0.0
2022-08-16,0.109906181693077,0.109906181693077,0.109906181693077,0.109906181693077,0.0
2022-08-17,0.109906181693077,0.109906181693077,0.109906181693077,0.109906181693077,0.0
2022-08-18,0.109906181693077,0.109906181693077,0.109906181693077,0.109906181693077,0.0
2022-08-19,0.109906181693077,0.109906181693077,0.109906181693077,0.109906181693077,0.0
2022-08-22,0.109906181693077,0.109906181693077,0.109906181693077,0.109906181693077,0.0
2022-08-23,0.109906181693077,0.109906181693077,0.109906181693077,0.109906181693077,0.0
2022-08-24,0.109906181693077,0.109906181693077,0.109906181693077,0.109906181693077,0.0
2022-08-25,0.109906181693077,0.109906181693077,0.109906181693077,0.109906181693077,0.0
2022-08-26,0.109906181693077,0.109906181693077,0.109906181693077,0.109906181693077,0.0
2022-08-29,0.109906181693077,0.109906181693077,0.109906181693077,0.109906181693077,0.0
2022-08-30,0.1081335097551345,0.1081335097551345,0.1081335097551345,0.1081335097551345,12000.0
2022-08-31,0.107247176421218,0.109019860625267,0.107247176421218,0.109019860625267,380000.0
2022-09-01,0.1010427922010421,0.1010427922010421,0.1010427922010421,0.1010427922010421,10000.0
2022-09-02,0.1010427922010421,0.1010427922010421,0.1010427922010421,0.1010427922010421,0.0
2022-09-05,0.1010427922010421,0.1010427922010421,0.1010427922010421,0.1010427922010421,0.0
2022-09-06,0.1028154715895652,0.1028154715895652,0.1028154715895652,0.1028154715895652,43300.0
2022-09-07,0.1028154715895652,0.1028154715895652,0.1028154715895652,0.1028154715895652,0.0
2022-09-08,0.1028154715895652,0.1028154715895652,0.1028154715895652,0.1028154715895652,0.0
2022-09-09,0.1028154715895652,0.1028154715895652,0.1028154715895652,0.1028154715895652,0.0
2022-09-12,0.1028154715895652,0.1028154715895652,0.1028154715895652,0.1028154715895652,0.0
2022-09-13,0.1019291281700134,0.1019291281700134,0.1019291281700134,0.1019291281700134,5100.0
2022-09-14,0.1019291281700134,0.1019291281700134,0.1019291281700134,0.1019291281700134,0.0
2022-09-15,0.1019291281700134,0.1019291281700134,0.1019291281700134,0.1019291281700134,0.0
2022-09-16,0.1019291281700134,0.1019291281700134,0.1019291281700134,0.1019291281700134,0.0
2022-09-19,0.1019291281700134,0.1019291281700134,0.1019291281700134,0.1019291281700134,0.0
2022-09-20,0.1019291281700134,0.1019291281700134,0.1019291281700134,0.1019291281700134,0.0
2022-09-21,0.1019291281700134,0.1019291281700134,0.1019291281700134,0.1019291281700134,0.0
2022-09-22,0.1019291281700134,0.1019291281700134,0.1019291281700134,0.1019291281700134,0.0
2022-09-23,0.1019291281700134,0.1019291281700134,0.1019291281700134,0.1019291281700134,0.0
2022-09-26,0.1019291281700134,0.1019291281700134,0.1019291281700134,0.1019291281700134,0.0
2022-09-27,0.1019291281700134,0.1019291281700134,0.1019291281700134,0.1019291281700134,0.0
2022-09-28,0.1019291281700134,0.1019291281700134,0.1019291281700134,0.1019291281700134,0.0
2022-09-29,0.1019291281700134,0.1019291281700134,0.1019291281700134,0.1019291281700134,0.0
2022-09-30,0.1019291281700134,0.1019291281700134,0.1019291281700134,0.1019291281700134,0.0
2022-10-03,0.1019291281700134,0.1019291281700134,0.1019291281700134,0.1019291281700134,0.0
2022-10-04,0.1019291281700134,0.1019291281700134,0.1019291281700134,0.1019291281700134,0.0
2022-10-05,0.1019291281700134,0.1019291281700134,0.1019291281700134,0.1019291281700134,0.0
2022-10-06,0.1019291281700134,0.1019291281700134,0.1019291281700134,0.1019291281700134,0.0
2022-10-07,0.1019291281700134,0.1019291281700134,0.1019291281700134,0.1019291281700134,0.0
2022-10-10,0.1019291281700134,0.1019291281700134,0.1019291281700134,0.1019291281700134,0.0
2022-10-11,0.1019291281700134,0.1019291281700134,0.1019291281700134,0.1019291281700134,0.0
2022-10-12,0.1019291281700134,0.1019291281700134,0.1019291281700134,0.1019291281700134,0.0
2022-10-13,0.0930657237768173,0.0930657237768173,0.0930657237768173,0.0930657237768173,3000.0
2022-10-14,0.1019291281700134,0.1019291281700134,0.1019291281700134,0.1019291281700134,10000.0
2022-10-17,0.1019291281700134,0.1019291281700134,0.1019291281700134,0.1019291281700134,0.0
2022-10-18,0.0930657237768173,0.0930657237768173,0.0930657237768173,0.0930657237768173,15000.0
2022-10-19,0.0930657237768173,0.0930657237768173,0.0930657237768173,0.0930657237768173,0.0
2022-10-20,0.0930657237768173,0.0930657237768173,0.0930657237768173,0.0930657237768173,0.0
2022-10-21,0.1019291281700134,0.1019291281700134,0.1019291281700134,0.1019291281700134,100000.0
2022-10-25,0.1019291281700134,0.1019291281700134,0.1019291281700134,0.1019291281700134,0.0
2022-10-26,0.1019291281700134,0.1019291281700134,0.1019291281700134,0.1019291281700134,0.0
2022-10-27,0.1019291281700134,0.1019291281700134,0.1019291281700134,0.1019291281700134,0.0
2022-10-28,0.1019291281700134,0.1019291281700134,0.1019291281700134,0.1019291281700134,0.0
2022-10-31,0.1019291281700134,0.1019291281700134,0.1019291281700134,0.1019291281700134,0.0
2022-11-01,0.1019291281700134,0.1019291281700134,0.1019291281700134,0.1019291281700134,0.0
2022-11-02,0.1019291281700134,0.1019291281700134,0.1019291281700134,0.1019291281700134,0.0
2022-11-03,0.1019291281700134,0.1019291281700134,0.1019291281700134,0.1019291281700134,0.0
2022-11-04,0.1019291281700134,0.1019291281700134,0.1019291281700134,0.1019291281700134,0.0
2022-11-07,0.1019291281700134,0.1019291281700134,0.1019291281700134,0.1019291281700134,0.0
2022-11-08,0.1019291281700134,0.1019291281700134,0.1019291281700134,0.1019291281700134,0.0
2022-11-09,0.1019291281700134,0.1019291281700134,0.1019291281700134,0.1019291281700134,0.0
2022-11-10,0.1019291281700134,0.1019291281700134,0.1019291281700134,0.1019291281700134,0.0
2022-11-11,0.1019291281700134,0.1019291281700134,0.1019291281700134,0.1019291281700134,0.0
2022-11-14,0.1019291281700134,0.1019291281700134,0.1019291281700134,0.1019291281700134,0.0
2022-11-15,0.1019291281700134,0.1019291281700134,0.1019291281700134,0.1019291281700134,0.0
2022-11-16,0.1019291281700134,0.1019291281700134,0.1019291281700134,0.1019291281700134,0.0
2022-11-17,0.1019291281700134,0.1019291281700134,0.1019291281700134,0.1019291281700134,0.0
2022-11-18,0.1019291281700134,0.1019291281700134,0.1019291281700134,0.1019291281700134,0.0
2022-11-21,0.1063608229160308,0.1063608229160308,0.1063608229160308,0.1063608229160308,10000.0
2022-11-22,0.0939520646042348,0.1152242273092269,0.0904067030527779,0.1152242273092269,2190000.0
2022-11-23,0.1152242273092269,0.1152242273092269,0.1152242273092269,0.1152242273092269,9200.0
2022-11-24,0.1010427906771197,0.1054744943976402,0.1010427906771197,0.1054744943976402,18600.0
2022-11-25,0.1054744943976402,0.1054744943976402,0.1054744943976402,0.1054744943976402,0.0
2022-11-28,0.1054744943976402,0.1054744943976402,0.1054744943976402,0.1054744943976402,0.0
2022-11-29,0.1054744943976402,0.1054744943976402,0.1054744943976402,0.1054744943976402,0.0
2022-11-30,0.1054744943976402,0.1054744943976402,0.1054744943976402,0.1054744943976402,0.0
2022-12-01,0.1054744943976402,0.1054744943976402,0.1054744943976402,0.1054744943976402,0.0
2022-12-02,0.1054744943976402,0.1054744943976402,0.1054744943976402,0.1054744943976402,0.0
2022-12-05,0.1054744943976402,0.1054744943976402,0.1054744943976402,0.1054744943976402,0.0
2022-12-06,0.1054744943976402,0.1054744943976402,0.1054744943976402,0.1054744943976402,0.0
2022-12-07,0.11699690669775,0.11699690669775,0.11699690669775,0.11699690669775,15000.0
2022-12-08,0.1169969181371645,0.1240876416491895,0.1169969181371645,0.1196559444069862,91000.0
2022-12-09,0.109019860625267,0.109019860625267,0.109019860625267,0.109019860625267,20000.0
2022-12-12,0.1081335097551345,0.1081335097551345,0.1081335097551345,0.1081335097551345,1200.0
2022-12-13,0.1081335097551345,0.1081335097551345,0.1081335097551345,0.1081335097551345,0.0
2022-12-14,0.1081335097551345,0.1081335097551345,0.1081335097551345,0.1081335097551345,0.0
2022-12-15,0.1081335097551345,0.1081335097551345,0.1081335097551345,0.1081335097551345,0.0
2022-12-16,0.1081335097551345,0.1081335097551345,0.1081335097551345,0.1081335097551345,0.0
2022-12-19,0.1081335097551345,0.1081335097551345,0.1081335097551345,0.1081335097551345,0.0
2022-12-20,0.1081335097551345,0.1081335097551345,0.1081335097551345,0.1081335097551345,0.0
2022-12-21,0.1081335097551345,0.1081335097551345,0.1081335097551345,0.1081335097551345,0.0
2022-12-22,0.1081335097551345,0.1081335097551345,0.1081335097551345,0.1081335097551345,0.0
2022-12-23,0.1081335097551345,0.1081335097551345,0.1081335097551345,0.1081335097551345,0.0
2022-12-27,0.1081335097551345,0.1081335097551345,0.1081335097551345,0.1081335097551345,0.0
2022-12-28,0.1081335097551345,0.1081335097551345,0.1081335097551345,0.1081335097551345,0.0
2022-12-29,0.1081335097551345,0.1081335097551345,0.1081335097551345,0.1081335097551345,0.0
2022-12-30,0.1081335097551345,0.1081335097551345,0.1081335097551345,0.1081335097551345,0.0
2023-01-03,0.1081335097551345,0.1081335097551345,0.1081335097551345,0.1081335097551345,0.0
2023-01-04,0.1081335097551345,0.1081335097551345,0.1081335097551345,0.1081335097551345,5000.0
2023-01-05,0.1081335097551345,0.1081335097551345,0.1081335097551345,0.1081335097551345,0.0
2023-01-06,0.1081335097551345,0.1081335097551345,0.1081335097551345,0.1081335097551345,0.0
2023-01-09,0.1081335097551345,0.1081335097551345,0.1081335097551345,0.1081335097551345,0.0
2023-01-10,0.1081335097551345,0.1081335097551345,0.1081335097551345,0.1081335097551345,0.0
2023-01-11,0.1081335097551345,0.1081335097551345,0.1081335097551345,0.1081335097551345,0.0
2023-01-12,0.1081335097551345,0.1081335097551345,0.1081335097551345,0.1081335097551345,0.0
2023-01-13,0.1081335097551345,0.1081335097551345,0.1081335097551345,0.1081335097551345,0.0
2023-01-16,0.1081335097551345,0.1081335097551345,0.1081335097551345,0.1081335097551345,0.0
2023-01-17,0.1081335097551345,0.1081335097551345,0.1081335097551345,0.1081335097551345,0.0
2023-01-18,0.1081335097551345,0.1081335097551345,0.1081335097551345,0.1081335097551345,1000.0
2023-01-19,0.1081335097551345,0.1081335097551345,0.1081335097551345,0.1081335097551345,0.0
2023-01-20,0.1081335097551345,0.1081335097551345,0.1081335097551345,0.1081335097551345,0.0
2023-01-25,0.1081335097551345,0.1081335097551345,0.1081335097551345,0.1081335097551345,0.0
2023-01-26,0.1152242292035723,0.1152242292035723,0.1045881509780883,0.1045881509780883,20100.0
2023-01-27,0.115224234873509,0.1240876426358942,0.115224234873509,0.1214286163449287,134200.0
2023-01-30,0.1196559444069862,0.1196559444069862,0.1196559444069862,0.1196559444069862,104600.0
2023-01-31,0.1196559444069862,0.1196559444069862,0.1196559444069862,0.1196559444069862,0.0
2023-02-01,0.1196559444069862,0.1196559444069862,0.1196559444069862,0.1196559444069862,40000.0
2023-02-02,0.1223149523139,0.1223149523139,0.1223149523139,0.1223149523139,20100.0
2023-02-03,0.1223149523139,0.1223149523139,0.1223149523139,0.1223149523139,0.0
2023-02-06,0.1223149523139,0.1223149523139,0.1223149523139,0.1223149523139,0.0
2023-02-07,0.1196559444069862,0.1196559444069862,0.1196559444069862,0.1196559444069862,22100.0
2023-02-08,0.1196559444069862,0.1196559444069862,0.1196559444069862,0.1196559444069862,0.0
2023-02-09,0.1196559444069862,0.1196559444069862,0.1196559444069862,0.1196559444069862,0.0
2023-02-10,0.1196559444069862,0.1196559444069862,0.1196559444069862,0.1196559444069862,0.0
2023-02-13,0.11699690669775,0.11699690669775,0.11699690669775,0.11699690669775,20000.0
2023-02-14,0.1232013043981806,0.1320647124382116,0.1232013043981806,0.1302920281887054,488000.0
2023-02-15,0.1285193439391992,0.1302920281887054,0.1285193439391992,0.1302920281887054,108400.0
2023-02-16,0.1285193496966765,0.1356100738048553,0.1285193496966765,0.1356100738048553,56300.0
2023-02-17,0.132951021194458,0.132951021194458,0.132951021194458,0.132951021194458,50000.0
2023-02-20,0.132064679292162,0.132951021194458,0.132064679292162,0.132951021194458,264800.0
2023-02-21,0.132951021194458,0.132951021194458,0.132951021194458,0.132951021194458,35000.0
2023-02-22,0.1356827765703201,0.1356827765703201,0.1356827765703201,0.1356827765703201,25000.0
2023-02-23,0.1356827765703201,0.1356827765703201,0.1356827765703201,0.1356827765703201,70000.0
2023-02-24,0.1356827924451969,0.1447283029556274,0.1356827924451969,0.1447283029556274,4729900.0
2023-02-27,0.1447283029556274,0.1447283029556274,0.1447283029556274,0.1447283029556274,0.0
2023-02-28,0.1239235838808785,0.1248281374573707,0.1239235838808785,0.1248281374573707,8000.0
2023-03-01,0.1248281374573707,0.1248281374573707,0.1248281374573707,0.1248281374573707,0.0
2023-03-02,0.1248281374573707,0.1248281374573707,0.1248281374573707,0.1248281374573707,0.0
2023-03-03,0.1248281374573707,0.1248281374573707,0.1248281374573707,0.1248281374573707,0.0
2023-03-06,0.1356827840209007,0.1628193408250808,0.1356827840209007,0.1628193408250808,61900.0
2023-03-07,0.1610102206468582,0.1610102206468582,0.1610102206468582,0.1610102206468582,125000.0
2023-03-08,0.1610102334437693,0.1628193408250808,0.1610102334437693,0.1628193408250808,275000.0
2023-03-09,0.1447282939697121,0.1628193408250808,0.1447282939697121,0.1628193408250808,311400.0
2023-03-10,0.1628193408250808,0.1628193408250808,0.1628193408250808,0.1628193408250808,0.0
2023-03-13,0.1628193408250808,0.1628193408250808,0.1628193408250808,0.1628193408250808,0.0
2023-03-14,0.1447282946336406,0.1673420965671539,0.1447282946336406,0.1673420965671539,200000.0
2023-03-15,0.1673420965671539,0.1673420965671539,0.1673420965671539,0.1673420965671539,1000.0
2023-03-16,0.1673420965671539,0.1673420965671539,0.1673420965671539,0.1673420965671539,0.0
2023-03-17,0.1673420965671539,0.1673420965671539,0.1673420965671539,0.1673420965671539,0.0
2023-03-20,0.1537738144397735,0.1537738144397735,0.1537738144397735,0.1537738144397735,10000.0
2023-03-21,0.1537738144397735,0.1537738144397735,0.1537738144397735,0.1537738144397735,10000.0
2023-03-22,0.1537738173973964,0.1628193408250808,0.1537738173973964,0.1628193408250808,15100.0
2023-03-23,0.1537738144397735,0.1537738144397735,0.1537738144397735,0.1537738144397735,79000.0
2023-03-24,0.1537738144397735,0.1537738144397735,0.1537738144397735,0.1537738144397735,7000.0
2023-03-27,0.1275418102741241,0.1275418102741241,0.1275418102741241,0.1275418102741241,2000.0
2023-03-28,0.1275418102741241,0.1275418102741241,0.1275418102741241,0.1275418102741241,0.0
2023-03-29,0.1275418102741241,0.1275418102741241,0.1275418102741241,0.1275418102741241,0.0
2023-03-30,0.1546783808701352,0.1555829346179962,0.1546783808701352,0.1555829346179962,4300.0
2023-03-31,0.1555829346179962,0.1555829346179962,0.1555829346179962,0.1555829346179962,0.0
2023-04-03,0.1447283031225378,0.1555829346179962,0.1447283031225378,0.1555829346179962,201000.0
2023-04-04,0.1492510735988617,0.1492510735988617,0.1492510735988617,0.1492510735988617,200000.0
2023-04-05,0.1492510735988617,0.1492510735988617,0.1492510735988617,0.1492510735988617,0.0
2023-04-06,0.1673420965671539,0.1673420965671539,0.1673420965671539,0.1673420965671539,195000.0
2023-04-10,0.1673420965671539,0.1673420965671539,0.1673420965671539,0.1673420965671539,0.0
2023-04-11,0.1673420965671539,0.1673420965671539,0.1673420965671539,0.1673420965671539,0.0
2023-04-12,0.1673420965671539,0.1673420965671539,0.1673420965671539,0.1673420965671539,0.0
2023-04-13,0.1673420965671539,0.1673420965671539,0.1673420965671539,0.1673420965671539,0.0
2023-04-14,0.1673420965671539,0.1673420965671539,0.1673420965671539,0.1673420965671539,0.0
2023-04-17,0.1673420965671539,0.1673420965671539,0.1673420965671539,0.1673420965671539,0.0
2023-04-18,0.1763876080513,0.1763876080513,0.1763876080513,0.1763876080513,3000.0
2023-04-19,0.1763876080513,0.1763876080513,0.1763876080513,0.1763876080513,0.0
2023-04-20,0.1763876080513,0.1763876080513,0.1763876080513,0.1763876080513,0.0
2023-04-21,0.1763876080513,0.1763876080513,0.1763876080513,0.1763876080513,0.0
2023-04-24,0.1763876080513,0.1763876080513,0.1763876080513,0.1763876080513,0.0
2023-04-25,0.1763876080513,0.1763876080513,0.1763876080513,0.1763876080513,0.0
2023-04-26,0.1763876080513,0.1763876080513,0.1763876080513,0.1763876080513,0.0
2023-04-27,0.1763876080513,0.1763876080513,0.1763876080513,0.1763876080513,0.0
2023-04-28,0.1763876080513,0.1763876080513,0.1763876080513,0.1763876080513,0.0
2023-05-02,0.1537738144397735,0.1537738144397735,0.1537738144397735,0.1537738144397735,7500.0
2023-05-03,0.1537738144397735,0.1537738144397735,0.1537738144397735,0.1537738144397735,0.0
2023-05-04,0.1537738144397735,0.1537738144397735,0.1537738144397735,0.1537738144397735,0.0
2023-05-05,0.1537738144397735,0.1537738144397735,0.1537738144397735,0.1537738144397735,0.0
2023-05-08,0.1537738144397735,0.1537738144397735,0.1537738144397735,0.1537738144397735,0.0
2023-05-09,0.1537738144397735,0.1537738144397735,0.1537738144397735,0.1537738144397735,0.0
2023-05-10,0.1537738144397735,0.1537738144397735,0.1537738144397735,0.1537738144397735,0.0
2023-05-11,0.1537738144397735,0.1537738144397735,0.1537738144397735,0.1537738144397735,0.0
2023-05-12,0.1537738144397735,0.1537738144397735,0.1537738144397735,0.1537738144397735,0.0
2023-05-15,0.1537738144397735,0.1537738144397735,0.1537738144397735,0.1537738144397735,0.0
2023-05-16,0.1537738144397735,0.1537738144397735,0.1537738144397735,0.1537738144397735,0.0
2023-05-17,0.1537738144397735,0.1537738144397735,0.1537738144397735,0.1537738144397735,0.0
2023-05-18,0.1537738144397735,0.1537738144397735,0.1537738144397735,0.1537738144397735,0.0
2023-05-19,0.1537738144397735,0.1537738144397735,0.1537738144397735,0.1537738144397735,0.0
2023-05-22,0.1537738144397735,0.1537738144397735,0.1537738144397735,0.1537738144397735,0.0
2023-05-23,0.1537738144397735,0.1537738144397735,0.1537738144397735,0.1537738144397735,0.0
2023-05-24,0.1537738144397735,0.1537738144397735,0.1537738144397735,0.1537738144397735,0.0
2023-05-25,0.1537738144397735,0.1537738144397735,0.1537738144397735,0.1537738144397735,0.0
2023-05-26,0.1537738144397735,0.1537738144397735,0.1537738144397735,0.1537738144397735,0.0
2023-05-29,0.1573920398950576,0.1573920398950576,0.1573920398950576,0.1573920398950576,100.0
2023-05-30,0.1628193627705078,0.1628193627705078,0.1573920398950576,0.1573920398950576,6000.0
2023-05-31,0.1573920398950576,0.1573920398950576,0.1573920398950576,0.1573920398950576,0.0
2023-06-01,0.1573920398950576,0.1573920398950576,0.1573920398950576,0.1573920398950576,0.0
2023-06-05,0.1573920398950576,0.1573920398950576,0.1573920398950576,0.1573920398950576,0.0
2023-06-06,0.1573920398950576,0.1573920398950576,0.1573920398950576,0.1573920398950576,0.0
2023-06-07,0.1573920398950576,0.1573920398950576,0.1573920398950576,0.1573920398950576,0.0
2023-06-08,0.1573920398950576,0.1573920398950576,0.1573920398950576,0.1573920398950576,0.0
2023-06-09,0.1573920398950576,0.1573920398950576,0.1573920398950576,0.1573920398950576,0.0
2023-06-12,0.1573920398950576,0.1573920398950576,0.1573920398950576,0.1573920398950576,0.0
2023-06-13,0.1573920398950576,0.1573920398950576,0.1573920398950576,0.1573920398950576,0.0
2023-06-14,0.1573920398950576,0.1573920398950576,0.1573920398950576,0.1573920398950576,0.0
2023-06-15,0.1573920398950576,0.1573920398950576,0.1573920398950576,0.1573920398950576,0.0
2023-06-16,0.1573920398950576,0.1573920398950576,0.1573920398950576,0.1573920398950576,0.0
2023-06-19,0.1573920398950576,0.1573920398950576,0.1573920398950576,0.1573920398950576,0.0
2023-06-20,0.1573920398950576,0.1573920398950576,0.1573920398950576,0.1573920398950576,0.0
2023-06-21,0.1573920398950576,0.1573920398950576,0.1573920398950576,0.1573920398950576,0.0
2023-06-22,0.1465373933315277,0.1465373933315277,0.1465373933315277,0.1465373933315277,4000.0
2023-06-23,0.1465373933315277,0.1465373933315277,0.1465373933315277,0.1465373933315277,0.0
2023-06-26,0.1465373933315277,0.1465373933315277,0.1465373933315277,0.1465373933315277,0.0
2023-06-27,0.1465373933315277,0.1465373933315277,0.1465373933315277,0.1465373933315277,0.0
2023-06-28,0.1465373933315277,0.1465373933315277,0.1465373933315277,0.1465373933315277,0.0
2023-06-30,0.1465373933315277,0.1465373933315277,0.1465373933315277,0.1465373933315277,0.0
2023-07-03,0.1465373933315277,0.1465373933315277,0.1465373933315277,0.1465373933315277,0.0
2023-07-04,0.1592011302709579,0.1592011302709579,0.1592011302709579,0.1592011302709579,12300.0
2023-07-05,0.1592011302709579,0.1592011302709579,0.1592011302709579,0.1592011302709579,3000.0
2023-07-06,0.1592011302709579,0.1592011302709579,0.1592011302709579,0.1592011302709579,0.0
2023-07-07,0.1592011302709579,0.1592011302709579,0.1592011302709579,0.1592011302709579,0.0
2023-07-10,0.1592011302709579,0.1592011302709579,0.1592011302709579,0.1592011302709579,0.0
2023-07-11,0.1592011302709579,0.1592011302709579,0.1592011302709579,0.1592011302709579,0.0
2023-07-12,0.1592011302709579,0.1592011302709579,0.1592011302709579,0.1592011302709579,0.0
2023-07-13,0.1592011302709579,0.1592011302709579,0.1592011302709579,0.1592011302709579,0.0
2023-07-14,0.1592011302709579,0.1592011302709579,0.1592011302709579,0.1592011302709579,0.0
2023-07-17,0.1592011302709579,0.1592011302709579,0.1592011302709579,0.1592011302709579,0.0
2023-07-18,0.1456328456456087,0.1582965701818466,0.1456328456456087,0.1582965701818466,2600.0
2023-07-19,0.1582965701818466,0.1582965701818466,0.1582965701818466,0.1582965701818466,0.0
2023-07-20,0.1582965701818466,0.1582965701818466,0.1582965701818466,0.1582965701818466,0.0
2023-07-21,0.1582965701818466,0.1582965701818466,0.1582965701818466,0.1582965701818466,0.0
2023-07-24,0.1582965701818466,0.1582965701818466,0.1582965701818466,0.1582965701818466,0.0
2023-07-25,0.1582965701818466,0.1582965701818466,0.1582965701818466,0.1582965701818466,0.0
2023-07-26,0.1582965701818466,0.1582965701818466,0.1582965701818466,0.1582965701818466,0.0
2023-07-27,0.1582965701818466,0.1582965701818466,0.1582965701818466,0.1582965701818466,0.0
2023-07-28,0.1582965701818466,0.1582965701818466,0.1582965701818466,0.1582965701818466,0.0
2023-07-31,0.1582965701818466,0.1582965701818466,0.1582965701818466,0.1582965701818466,0.0
2023-08-01,0.1582965701818466,0.1582965701818466,0.1582965701818466,0.1582965701818466,0.0
2023-08-02,0.1582965701818466,0.1582965701818466,0.1582965701818466,0.1582965701818466,0.0
2023-08-03,0.1582965701818466,0.1582965701818466,0.1582965701818466,0.1582965701818466,0.0
2023-08-04,0.1582965701818466,0.1582965701818466,0.1582965701818466,0.1582965701818466,0.0
2023-08-07,0.1582965701818466,0.1582965701818466,0.1582965701818466,0.1582965701818466,0.0
2023-08-08,0.1582965701818466,0.1582965701818466,0.1582965701818466,0.1582965701818466,0.0
2023-08-10,0.1582965701818466,0.1582965701818466,0.1582965701818466,0.1582965701818466,0.0
2023-08-11,0.1582965701818466,0.1582965701818466,0.1582965701818466,0.1582965701818466,0.0
2023-08-14,0.1582965701818466,0.1582965701818466,0.1582965701818466,0.1582965701818466,0.0
2023-08-15,0.1582965701818466,0.1582965701818466,0.1582965701818466,0.1582965701818466,0.0
2023-08-16,0.1582965701818466,0.1582965701818466,0.1582965701818466,0.1582965701818466,0.0
2023-08-17,0.1582965701818466,0.1582965701818466,0.1582965701818466,0.1582965701818466,0.0
2023-08-18,0.1582965701818466,0.1582965701818466,0.1582965701818466,0.1582965701818466,0.0
2023-08-21,0.1582965701818466,0.1582965701818466,0.1582965701818466,0.1582965701818466,0.0
2023-08-22,0.1582965701818466,0.1582965701818466,0.1582965701818466,0.1582965701818466,16000.0
2023-08-23,0.1582965701818466,0.1582965701818466,0.1582965701818466,0.1582965701818466,0.0
2023-08-24,0.1582965701818466,0.1582965701818466,0.1582965701818466,0.1582965701818466,143200.0
2023-08-25,0.162819338572555,0.162819338572555,0.1582965701818466,0.1582965701818466,353600.0
2023-08-28,0.1582965701818466,0.1582965701818466,0.1582965701818466,0.1582965701818466,0.0
2023-08-29,0.1582965701818466,0.1582965701818466,0.1582965701818466,0.1582965701818466,21300.0
2023-08-30,0.1582965701818466,0.1582965701818466,0.1582965701818466,0.1582965701818466,97900.0
2023-08-31,0.1610102568271017,0.166437566280365,0.1610102568271017,0.166437566280365,3000.0
2023-09-04,0.1582965701818466,0.1582965701818466,0.1582965701818466,0.1582965701818466,321100.0
2023-09-05,0.1582965701818466,0.1582965701818466,0.1582965701818466,0.1582965701818466,0.0
2023-09-06,0.1582965701818466,0.1582965701818466,0.1582965701818466,0.1582965701818466,0.0
2023-09-07,0.1582965701818466,0.1582965701818466,0.1582965701818466,0.1582965701818466,0.0
2023-09-08,0.1582965701818466,0.1582965701818466,0.1582965701818466,0.1582965701818466,0.0
2023-09-11,0.1582965701818466,0.1582965701818466,0.1582965701818466,0.1582965701818466,0.0
2023-09-12,0.1582965701818466,0.1582965701818466,0.1582965701818466,0.1582965701818466,0.0
2023-09-13,0.1582965693271904,0.1582965693271904,0.1537738144397735,0.1537738144397735,290000.0
2023-09-14,0.1537738144397735,0.1537738144397735,0.1537738144397735,0.1537738144397735,0.0
2023-09-15,0.1537738144397735,0.1537738144397735,0.1537738144397735,0.1537738144397735,0.0
2023-09-18,0.1537738144397735,0.1537738144397735,0.1537738144397735,0.1537738144397735,0.0
2023-09-19,0.1537738144397735,0.1537738144397735,0.1537738144397735,0.1537738144397735,0.0
2023-09-20,0.1537738144397735,0.1537738144397735,0.1537738144397735,0.1537738144397735,0.0
2023-09-21,0.1537738144397735,0.1537738144397735,0.1537738144397735,0.1537738144397735,0.0
2023-09-22,0.1537738144397735,0.1537738144397735,0.1537738144397735,0.1537738144397735,0.0
2023-09-25,0.1537738144397735,0.1537738144397735,0.1537738144397735,0.1537738144397735,253000.0
2023-09-26,0.1537738144397735,0.1537738144397735,0.1537738144397735,0.1537738144397735,0.0
2023-09-27,0.1673420965671539,0.1673420965671539,0.1673420965671539,0.1673420965671539,11000.0
2023-09-28,0.1673420965671539,0.1673420965671539,0.1673420965671539,0.1673420965671539,0.0
2023-09-29,0.1673420965671539,0.1673420965671539,0.1673420965671539,0.1673420965671539,0.0
2023-10-02,0.1664375428723486,0.1673420965671539,0.1664375428723486,0.1673420965671539,16200.0
2023-10-03,0.1673420965671539,0.1673420965671539,0.1673420965671539,0.1673420965671539,0.0
2023-10-04,0.1673420965671539,0.1673420965671539,0.1673420965671539,0.1673420965671539,70000.0
2023-10-05,0.1673420965671539,0.1673420965671539,0.1673420965671539,0.1673420965671539,0.0
2023-10-06,0.1673420965671539,0.1673420965671539,0.1673420965671539,0.1673420965671539,0.0
2023-10-09,0.1673420965671539,0.1673420965671539,0.1673420965671539,0.1673420965671539,0.0
2023-10-10,0.1673420965671539,0.1673420965671539,0.1673420965671539,0.1673420965671539,0.0
2023-10-11,0.1673420965671539,0.1673420965671539,0.1673420965671539,0.1673420965671539,200.0
2023-10-12,0.1673420965671539,0.1673420965671539,0.1673420965671539,0.1673420965671539,0.0
2023-10-13,0.1673420965671539,0.1673420965671539,0.1673420965671539,0.1673420965671539,0.0
2023-10-16,0.1501556187868118,0.1501556187868118,0.1501556187868118,0.1501556187868118,100.0
2023-10-17,0.1519647091627121,0.1519647091627121,0.1519647091627121,0.1519647091627121,1000.0
2023-10-18,0.1519647091627121,0.1519647091627121,0.1519647091627121,0.1519647091627121,0.0
2023-10-19,0.1519647091627121,0.1519647091627121,0.1519647091627121,0.1519647091627121,0.0
2023-10-20,0.1519647091627121,0.1519647091627121,0.1519647091627121,0.1519647091627121,0.0
2023-10-23,0.1492510716897165,0.1610102434406006,0.1447283029556274,0.1447283029556274,710000.0
2023-10-24,0.1447283029556274,0.1447283029556274,0.1447283029556274,0.1447283029556274,200000.0
2023-10-25,0.1447283029556274,0.1447283029556274,0.1447283029556274,0.1447283029556274,0.0
2023-10-26,0.1447283029556274,0.1447283029556274,0.1447283029556274,0.1447283029556274,0.0
2023-10-27,0.1447283029556274,0.1447283029556274,0.1447283029556274,0.1447283029556274,0.0
2023-10-30,0.1447283029556274,0.1492510716897165,0.1447283029556274,0.1447283029556274,1122200.0
2023-10-31,0.1447283029556274,0.1447283029556274,0.1447283029556274,0.1447283029556274,0.0
2023-11-01,0.1591600084628085,0.1591600084628085,0.1573410332202911,0.1573410332202911,5100.0
2023-11-02,0.1455177366733551,0.1500651752616694,0.1455177366733551,0.1455177366733551,854100.0
2023-11-03,0.1491556763648986,0.1491556763648986,0.1491556763648986,0.1491556763648986,10000.0
2023-11-06,0.1491556763648986,0.1491556763648986,0.1491556763648986,0.1491556763648986,0.0
2023-11-07,0.1491556763648986,0.1491556763648986,0.1491556763648986,0.1491556763648986,0.0
2023-11-08,0.1455177366733551,0.1455177366733551,0.1455177366733551,0.1455177366733551,383000.0
2023-11-09,0.1455177366733551,0.1455177366733551,0.1455177366733551,0.1455177366733551,0.0
2023-11-10,0.1455177366733551,0.1455177366733551,0.1455177366733551,0.1455177366733551,40000.0
2023-11-14,0.1455177366733551,0.1455177366733551,0.1455177366733551,0.1455177366733551,0.0
2023-11-15,0.1455177366733551,0.1455177366733551,0.1455177366733551,0.1455177366733551,0.0
2023-11-16,0.1455177366733551,0.1455177366733551,0.1455177366733551,0.1455177366733551,0.0
2023-11-17,0.1455177366733551,0.1455177366733551,0.1455177366733551,0.1455177366733551,0.0
2023-11-20,0.1591600030660629,0.1591600030660629,0.1591600030660629,0.1591600030660629,600.0
2023-11-21,0.1591600030660629,0.1591600030660629,0.1591600030660629,0.1591600030660629,0.0
2023-11-22,0.1591600030660629,0.1591600030660629,0.1591600030660629,0.1591600030660629,0.0
2023-11-23,0.1591600030660629,0.1591600030660629,0.1591600030660629,0.1591600030660629,0.0
2023-11-24,0.1591600030660629,0.1591600030660629,0.1591600030660629,0.1591600030660629,0.0
2023-11-27,0.1591600030660629,0.1591600030660629,0.1591600030660629,0.1591600030660629,0.0
2023-11-28,0.1591600030660629,0.1591600030660629,0.1591600030660629,0.1591600030660629,0.0
2023-11-29,0.1591600030660629,0.1591600030660629,0.1591600030660629,0.1591600030660629,0.0
2023-11-30,0.1591600030660629,0.1591600030660629,0.1591600030660629,0.1591600030660629,0.0
2023-12-01,0.1591600030660629,0.1591600030660629,0.1591600030660629,0.1591600030660629,0.0
2023-12-04,0.1591600030660629,0.1591600030660629,0.1591600030660629,0.1591600030660629,0.0
2023-12-05,0.1591600030660629,0.1591600030660629,0.1591600030660629,0.1591600030660629,0.0
2023-12-06,0.1591600030660629,0.1591600030660629,0.1591600030660629,0.1591600030660629,1200.0
2023-12-07,0.154612585902214,0.154612585902214,0.154612585902214,0.154612585902214,1200.0
2023-12-08,0.154612585902214,0.154612585902214,0.154612585902214,0.154612585902214,0.0
2023-12-11,0.154612585902214,0.154612585902214,0.154612585902214,0.154612585902214,0.0
2023-12-12,0.154612585902214,0.154612585902214,0.154612585902214,0.154612585902214,0.0
2023-12-13,0.154612585902214,0.154612585902214,0.154612585902214,0.154612585902214,0.0
2023-12-14,0.154612585902214,0.154612585902214,0.154612585902214,0.154612585902214,0.0
2023-12-15,0.1455177366733551,0.1455177366733551,0.1455177366733551,0.1455177366733551,5000.0
2023-12-18,0.1527936160564422,0.1527936160564422,0.1527936160564422,0.1527936160564422,6000.0
2023-12-19,0.1527936160564422,0.1527936160564422,0.1527936160564422,0.1527936160564422,1000.0
2023-12-20,0.1527936160564422,0.1527936160564422,0.1527936160564422,0.1527936160564422,0.0
2023-12-21,0.1527936160564422,0.1527936160564422,0.1527936160564422,0.1527936160564422,0.0
2023-12-22,0.1527936160564422,0.1527936160564422,0.1527936160564422,0.1527936160564422,0.0
2023-12-26,0.1527936160564422,0.1527936160564422,0.1527936160564422,0.1527936160564422,0.0
2023-12-27,0.1527936160564422,0.1527936160564422,0.1527936160564422,0.1527936160564422,0.0
2023-12-28,0.1527936160564422,0.1527936160564422,0.1527936160564422,0.1527936160564422,0.0
2023-12-29,0.1527936160564422,0.1527936160564422,0.1527936160564422,0.1527936160564422,0.0
2024-01-02,0.1527936160564422,0.1527936160564422,0.1527936160564422,0.1527936160564422,0.0
2024-01-03,0.1527936263104198,0.1527936263104198,0.1518841385841369,0.1518841385841369,11000.0
2024-01-04,0.1518841385841369,0.1518841385841369,0.1518841385841369,0.1518841385841369,0.0
2024-01-05,0.1518841385841369,0.1518841385841369,0.1518841385841369,0.1518841385841369,0.0
2024-01-08,0.1518841385841369,0.1518841385841369,0.1518841385841369,0.1518841385841369,0.0
2024-01-09,0.1518841385841369,0.1518841385841369,0.1518841385841369,0.1518841385841369,0.0
2024-01-10,0.1518841385841369,0.1518841385841369,0.1518841385841369,0.1518841385841369,0.0
2024-01-11,0.1518841385841369,0.1518841385841369,0.1518841385841369,0.1518841385841369,0.0
2024-01-12,0.154612585902214,0.154612585902214,0.154612585902214,0.154612585902214,1300.0
2024-01-15,0.1546125786663563,0.1591600030660629,0.1546125786663563,0.1591600030660629,6000.0
2024-01-16,0.1591600030660629,0.1591600030660629,0.1591600030660629,0.1591600030660629,0.0
2024-01-17,0.1591600030660629,0.1591600030660629,0.1591600030660629,0.1591600030660629,0.0
2024-01-18,0.1591600030660629,0.1591600030660629,0.1591600030660629,0.1591600030660629,0.0
2024-01-19,0.1500651752616694,0.1500651752616694,0.1455177366733551,0.1455177366733551,292400.0
2024-01-22,0.1455177366733551,0.1455177366733551,0.1455177366733551,0.1455177366733551,0.0
2024-01-23,0.1455177366733551,0.1455177366733551,0.1455177366733551,0.1455177366733551,0.0
2024-01-24,0.1455177366733551,0.1455177366733551,0.1455177366733551,0.1455177366733551,0.0
2024-01-25,0.1455177366733551,0.1455177366733551,0.1455177366733551,0.1455177366733551,0.0
2024-01-26,0.1455177366733551,0.1455177366733551,0.1455177366733551,0.1455177366733551,0.0
2024-01-29,0.1455177366733551,0.1455177366733551,0.1455177366733551,0.1455177366733551,0.0
2024-01-30,0.1455177366733551,0.1455177366733551,0.1455177366733551,0.1455177366733551,0.0
2024-01-31,0.1455177366733551,0.1455177366733551,0.1455177366733551,0.1455177366733551,0.0
2024-02-01,0.1455177366733551,0.1455177366733551,0.1455177366733551,0.1455177366733551,0.0
2024-02-02,0.1455177366733551,0.1455177366733551,0.1455177366733551,0.1455177366733551,0.0
2024-02-05,0.1455177366733551,0.1455177366733551,0.1455177366733551,0.1455177366733551,0.0
2024-02-06,0.1446082324151843,0.1446082324151843,0.1273280084133148,0.1273280084133148,11000.0
2024-02-07,0.1546125839089092,0.1591600084628085,0.1546125839089092,0.1573410332202911,25000.0
2024-02-08,0.1573410332202911,0.1573410332202911,0.1573410332202911,0.1573410332202911,0.0
2024-02-09,0.1582505404949188,0.1582505404949188,0.1582505404949188,0.1582505404949188,3500.0
2024-02-13,0.1582505404949188,0.1582505404949188,0.1582505404949188,0.1582505404949188,0.0
2024-02-14,0.1500651687383651,0.1500651687383651,0.1500651687383651,0.1500651687383651,5200.0
2024-02-15,0.1500651687383651,0.1500651687383651,0.1500651687383651,0.1500651687383651,0.0
2024-02-16,0.1533268392086029,0.1533268392086029,0.1533268392086029,0.1533268392086029,0.0
2024-02-19,0.1533268392086029,0.1533268392086029,0.1533268392086029,0.1533268392086029,0.0
2024-02-20,0.1533268392086029,0.1533268392086029,0.1533268392086029,0.1533268392086029,0.0
2024-02-21,0.1533268392086029,0.1533268392086029,0.1533268392086029,0.1533268392086029,0.0
2024-02-22,0.1533268392086029,0.1533268392086029,0.1533268392086029,0.1533268392086029,0.0
2024-02-23,0.1533268392086029,0.1533268392086029,0.1533268392086029,0.1533268392086029,0.0
2024-02-26,0.1440342964060906,0.1505390703678131,0.1440342964060906,0.1505390703678131,3600.0
2024-02-27,0.1533268392086029,0.1533268392086029,0.1533268392086029,0.1533268392086029,45100.0
2024-02-28,0.1551853418350219,0.1551853418350219,0.1551853418350219,0.1551853418350219,9100.0
2024-02-29,0.157043844461441,0.157043844461441,0.157043844461441,0.157043844461441,53700.0
2024-03-01,0.157043844461441,0.157043844461441,0.157043844461441,0.157043844461441,0.0
2024-03-04,0.157043844461441,0.157043844461441,0.157043844461441,0.157043844461441,0.0
2024-03-05,0.157043844461441,0.157043844461441,0.157043844461441,0.157043844461441,0.0
2024-03-06,0.157043844461441,0.157043844461441,0.157043844461441,0.157043844461441,0.0
2024-03-07,0.157043844461441,0.157043844461441,0.157043844461441,0.157043844461441,0.0
2024-03-08,0.1319539994001388,0.1319539994001388,0.1319539994001388,0.1319539994001388,1500.0
2024-03-11,0.1319539994001388,0.1319539994001388,0.1319539994001388,0.1319539994001388,0.0
2024-03-12,0.1319539994001388,0.1319539994001388,0.1319539994001388,0.1319539994001388,0.0
2024-03-13,0.1319539994001388,0.1319539994001388,0.1319539994001388,0.1319539994001388,0.0
2024-03-14,0.1486805826425552,0.1486805826425552,0.1486805826425552,0.1486805826425552,10000.0
2024-03-15,0.1486805826425552,0.1486805826425552,0.1486805826425552,0.1486805826425552,5000.0
2024-03-18,0.1542561054229736,0.1542561054229736,0.1542561054229736,0.1542561054229736,10000.0
2024-03-19,0.1542561054229736,0.1542561054229736,0.1542561054229736,0.1542561054229736,0.0
2024-03-20,0.1542561054229736,0.1542561054229736,0.1542561054229736,0.1542561054229736,0.0
2024-03-21,0.1542561054229736,0.1542561054229736,0.1542561054229736,0.1542561054229736,0.0
2024-03-22,0.1542561054229736,0.1542561054229736,0.1542561054229736,0.1542561054229736,0.0
2024-03-25,0.1542561054229736,0.1542561054229736,0.1542561054229736,0.1542561054229736,2000.0
2024-03-26,0.1542561054229736,0.1542561054229736,0.1542561054229736,0.1542561054229736,0.0
2024-03-27,0.1542561054229736,0.1542561054229736,0.1542561054229736,0.1542561054229736,0.0
2024-03-28,0.1542561054229736,0.1542561054229736,0.1542561054229736,0.1542561054229736,0.0
2024-04-01,0.1542561054229736,0.1542561054229736,0.1542561054229736,0.1542561054229736,0.0
2024-04-02,0.1300955132739754,0.1486805826425552,0.1300955132739754,0.1486805826425552,20100.0
2024-04-03,0.1486805826425552,0.1486805826425552,0.1310247688194482,0.1486805826425552,209900.0
2024-04-04,0.1486805661264068,0.1523975878953933,0.1486805661264068,0.1523975878953933,69500.0
2024-04-05,0.1551853418350219,0.1551853418350219,0.1551853418350219,0.1551853418350219,150000.0
2024-04-08,0.1551853418350219,0.1551853418350219,0.1551853418350219,0.1551853418350219,0.0
2024-04-09,0.1551853418350219,0.1551853418350219,0.1551853418350219,0.1551853418350219,0.0
2024-04-11,0.1338125169277191,0.1338125169277191,0.1338125169277191,0.1338125169277191,20000.0
2024-04-12,0.1338125169277191,0.1338125169277191,0.1338125169277191,0.1338125169277191,0.0
2024-04-15,0.1338125169277191,0.1338125169277191,0.1338125169277191,0.1338125169277191,0.0
2024-04-16,0.1551853418350219,0.1551853418350219,0.1551853418350219,0.1551853418350219,15000.0
2024-04-17,0.1551853418350219,0.1551853418350219,0.1551853418350219,0.1551853418350219,0.0
2024-04-18,0.1551853418350219,0.1551853418350219,0.1551853418350219,0.1551853418350219,0.0
2024-04-19,0.1551853418350219,0.1551853418350219,0.1551853418350219,0.1551853418350219,0.0
2024-04-22,0.1551853418350219,0.1551853418350219,0.1551853418350219,0.1551853418350219,0.0
2024-04-23,0.1551853418350219,0.1551853418350219,0.1551853418350219,0.1551853418350219,0.0
2024-04-24,0.1551853418350219,0.1551853418350219,0.1551853418350219,0.1551853418350219,0.0
2024-04-25,0.1551853418350219,0.1551853418350219,0.1551853418350219,0.1551853418350219,0.0
2024-04-26,0.1551853418350219,0.1551853418350219,0.1551853418350219,0.1551853418350219,0.0
2024-04-29,0.1551853418350219,0.1551853418350219,0.1551853418350219,0.1551853418350219,0.0
2024-04-30,0.1551853418350219,0.1551853418350219,0.1551853418350219,0.1551853418350219,0.0
2024-05-02,0.1551853418350219,0.1551853418350219,0.1551853418350219,0.1551853418350219,0.0
2024-05-03,0.1551853418350219,0.1551853418350219,0.1551853418350219,0.1551853418350219,0.0
2024-05-06,0.1551853418350219,0.1551853418350219,0.1551853418350219,0.1551853418350219,0.0
2024-05-07,0.1551853418350219,0.1551853418350219,0.1551853418350219,0.1551853418350219,0.0
2024-05-08,0.1551853418350219,0.1551853418350219,0.1551853418350219,0.1551853418350219,0.0
2024-05-09,0.1551853418350219,0.1551853418350219,0.1551853418350219,0.1551853418350219,0.0
2024-05-10,0.1551853418350219,0.1551853418350219,0.1551853418350219,0.1551853418350219,0.0
2024-05-13,0.1551853418350219,0.1551853418350219,0.1551853418350219,0.1551853418350219,0.0
2024-05-14,0.1551853418350219,0.1551853418350219,0.1551853418350219,0.1551853418350219,0.0
2024-05-15,0.1551853418350219,0.1551853418350219,0.1551853418350219,0.1551853418350219,0.0
2024-05-16,0.1551853418350219,0.1551853418350219,0.1551853418350219,0.1551853418350219,0.0
2024-05-17,0.1551853418350219,0.1551853418350219,0.1551853418350219,0.1551853418350219,0.0
2024-05-20,0.1551853418350219,0.1551853418350219,0.1551853418350219,0.1551853418350219,0.0
2024-05-21,0.1551853418350219,0.1551853418350219,0.1551853418350219,0.1551853418350219,0.0
2024-05-23,0.1551853418350219,0.1551853418350219,0.1551853418350219,0.1551853418350219,0.0
2024-05-24,0.1551853418350219,0.1551853418350219,0.1551853418350219,0.1551853418350219,0.0
2024-05-27,0.1551853418350219,0.1551853418350219,0.1551853418350219,0.1551853418350219,0.0
2024-05-28,0.1551853418350219,0.1551853418350219,0.1551853418350219,0.1551853418350219,0.0
2024-05-29,0.1551853418350219,0.1551853418350219,0.1551853418350219,0.1551853418350219,0.0
2024-05-30,0.1300954966362148,0.1496098190546035,0.1300954966362148,0.1496098190546035,156000.0
2024-05-31,0.1496098190546035,0.1496098190546035,0.1496098190546035,0.1496098190546035,0.0
2024-06-03,0.1533268637042516,0.1542561054229736,0.1533268637042516,0.1542561054229736,16000.0
2024-06-04,0.1542561054229736,0.1542561054229736,0.1542561054229736,0.1542561054229736,0.0
2024-06-05,0.1542561054229736,0.1542561054229736,0.1542561054229736,0.1542561054229736,0.0
2024-06-06,0.1542561054229736,0.1542561054229736,0.1542561054229736,0.1542561054229736,0.0
2024-06-07,0.1542561054229736,0.1542561054229736,0.1542561054229736,0.1542561054229736,0.0
2024-06-10,0.1542561054229736,0.1542561054229736,0.1542561054229736,0.1542561054229736,0.0
2024-06-11,0.1542561054229736,0.1542561054229736,0.1542561054229736,0.1542561054229736,0.0
2024-06-12,0.1542561054229736,0.1542561054229736,0.1542561054229736,0.1542561054229736,0.0
2024-06-13,0.1542561054229736,0.1542561054229736,0.1542561054229736,0.1542561054229736,0.0
2024-06-14,0.1542561054229736,0.1542561054229736,0.1542561054229736,0.1542561054229736,0.0
2024-06-18,0.1393880397081375,0.1393880397081375,0.1393880397081375,0.1393880397081375,4000.0
2024-06-19,0.1393880397081375,0.1393880397081375,0.1393880397081375,0.1393880397081375,0.0
2024-06-20,0.1393880397081375,0.1393880397081375,0.1393880397081375,0.1393880397081375,0.0
2024-06-21,0.1393880397081375,0.1393880397081375,0.1393880397081375,0.1393880397081375,0.0
2024-06-24,0.1393880397081375,0.1393880397081375,0.1393880397081375,0.1393880397081375,0.0
2024-06-25,0.1412465572357177,0.1412465572357177,0.1412465572357177,0.1412465572357177,37100.0
2024-06-26,0.1412465572357177,0.1412465572357177,0.1412465572357177,0.1412465572357177,0.0
2024-06-27,0.1412465572357177,0.1412465572357177,0.1412465572357177,0.1412465572357177,0.0
2024-06-28,0.1412465572357177,0.1412465572357177,0.1412465572357177,0.1412465572357177,0.0
2024-07-01,0.1412465572357177,0.1412465572357177,0.1412465572357177,0.1412465572357177,0.0
2024-07-02,0.1412465572357177,0.1412465572357177,0.1412465572357177,0.1412465572357177,0.0
2024-07-03,0.1477513164281845,0.1477513164281845,0.1477513164281845,0.1477513164281845,10000.0
2024-07-04,0.1477513164281845,0.1477513164281845,0.1477513164281845,0.1477513164281845,0.0
2024-07-05,0.1477513164281845,0.1477513164281845,0.1477513164281845,0.1477513164281845,0.0
2024-07-08,0.1477513164281845,0.1477513164281845,0.1477513164281845,0.1477513164281845,0.0
2024-07-09,0.1412465572357177,0.1412465572357177,0.1412465572357177,0.1412465572357177,4000.0
2024-07-10,0.1412465572357177,0.1412465572357177,0.1412465572357177,0.1412465572357177,0.0
2024-07-11,0.1328832752617127,0.1338125169277191,0.1328832752617127,0.1338125169277191,21000.0
2024-07-12,0.1319540101690082,0.1328832656145095,0.1319540101690082,0.1328832656145095,87500.0
2024-07-15,0.1328832656145095,0.1328832656145095,0.1328832656145095,0.1328832656145095,0.0
2024-07-16,0.1393880537828571,0.1458928287029266,0.1393880537828571,0.1458928287029266,18700.0
2024-07-17,0.1431050491015822,0.1431050491015822,0.1412465381939499,0.1421757936477661,35000.0
2024-07-18,0.1421757936477661,0.1421757936477661,0.1421757936477661,0.1421757936477661,0.0
2024-07-19,0.1421757936477661,0.1421757936477661,0.1421757936477661,0.1421757936477661,0.0
2024-07-22,0.1421757936477661,0.1421757936477661,0.1421757936477661,0.1421757936477661,0.0
2024-07-23,0.1421757936477661,0.1421757936477661,0.1421757936477661,0.1421757936477661,0.0
2024-07-24,0.1421757936477661,0.1421757936477661,0.1421757936477661,0.1421757936477661,0.0
2024-07-25,0.1421757936477661,0.1421757936477661,0.1421757936477661,0.1421757936477661,0.0
2024-07-26,0.1421757936477661,0.1421757936477661,0.1421757936477661,0.1421757936477661,0.0
2024-07-29,0.1421757936477661,0.1421757936477661,0.1421757936477661,0.1421757936477661,0.0
2024-07-30,0.1421757936477661,0.1421757936477661,0.1421757936477661,0.1421757936477661,0.0
2024-07-31,0.1440343111753463,0.1440343111753463,0.1440343111753463,0.1440343111753463,2500.0
2024-08-01,0.1440343111753463,0.1440343111753463,0.1440343111753463,0.1440343111753463,0.0
2024-08-02,0.1440343111753463,0.1440343111753463,0.1440343111753463,0.1440343111753463,0.0
2024-08-05,0.1440343111753463,0.1440343111753463,0.1440343111753463,0.1440343111753463,0.0
2024-08-06,0.1431050478211103,0.1440343032666117,0.1328832656145095,0.1328832656145095,100000.0
2024-08-07,0.1300955064213787,0.1440343111753463,0.1300955064213787,0.1440343111753463,16300.0
2024-08-08,0.1440343111753463,0.1440343111753463,0.1440343111753463,0.1440343111753463,0.0
2024-08-12,0.1440343111753463,0.1440343111753463,0.1440343111753463,0.1440343111753463,0.0
2024-08-13,0.1440343111753463,0.1440343111753463,0.1440343111753463,0.1440343111753463,0.0
2024-08-14,0.1440343111753463,0.1440343111753463,0.1440343111753463,0.1440343111753463,0.0
2024-08-15,0.1440343111753463,0.1440343111753463,0.1440343111753463,0.1440343111753463,0.0
2024-08-16,0.1440343111753463,0.1440343111753463,0.1440343111753463,0.1440343111753463,0.0
2024-08-19,0.1440343111753463,0.1440343111753463,0.1440343111753463,0.1440343111753463,0.0
2024-08-20,0.1440343111753463,0.1440343111753463,0.1440343111753463,0.1440343111753463,0.0
2024-08-21,0.1440343111753463,0.1440343111753463,0.1440343111753463,0.1440343111753463,0.0
2024-08-22,0.1440343111753463,0.1440343111753463,0.1440343111753463,0.1440343111753463,0.0
2024-08-23,0.1440343111753463,0.1440343111753463,0.1440343111753463,0.1440343111753463,0.0
2024-08-26,0.1440343111753463,0.1440343111753463,0.1440343111753463,0.1440343111753463,0.0
2024-08-27,0.1440343111753463,0.1440343111753463,0.1440343111753463,0.1440343111753463,0.0
2024-08-28,0.1245199856147018,0.1245199856147018,0.122661474646643,0.1235907301306724,2200.0
2024-08-29,0.1235907301306724,0.1235907301306724,0.1235907301306724,0.1235907301306724,0.0
2024-08-30,0.1393880397081375,0.1393880397081375,0.1393880397081375,0.1393880397081375,13000.0
2024-09-02,0.1403172813054956,0.1403172813054956,0.1393880397081375,0.1393880397081375,119800.0
2024-09-03,0.1393880397081375,0.1393880397081375,0.1393880397081375,0.1393880397081375,100000.0
2024-09-04,0.1393880411332749,0.1477513125237056,0.1393880411332749,0.1421757936477661,22900.0
2024-09-05,0.1393880371002164,0.1440343003879046,0.1393880371002164,0.1431050449609756,130900.0
2024-09-06,0.1431050449609756,0.1431050449609756,0.1431050449609756,0.1431050449609756,0.0
2024-09-09,0.1393880475396764,0.1440343111753463,0.1393880475396764,0.1440343111753463,179500.0
2024-09-10,0.1440343111753463,0.1440343111753463,0.1440343111753463,0.1440343111753463,0.0
2024-09-11,0.1440343111753463,0.1440343111753463,0.1440343111753463,0.1440343111753463,0.0
2024-09-12,0.1440343111753463,0.1440343111753463,0.1440343111753463,0.1440343111753463,0.0
2024-09-13,0.1440343111753463,0.1440343111753463,0.1440343111753463,0.1440343111753463,0.0
2024-09-16,0.1440343111753463,0.1440343111753463,0.1440343111753463,0.1440343111753463,0.0
2024-09-17,0.1440343111753463,0.1440343111753463,0.1440343111753463,0.1440343111753463,0.0
2024-09-18,0.1440343111753463,0.1440343111753463,0.1440343111753463,0.1440343111753463,0.0
2024-09-19,0.1282369920494367,0.1384587883949279,0.1282369920494367,0.1384587883949279,32600.0
2024-09-20,0.1384587883949279,0.1384587883949279,0.1384587883949279,0.1384587883949279,0.0
2024-09-23,0.1393880397081375,0.1393880397081375,0.1393880397081375,0.1393880397081375,6500.0
2024-09-24,0.1384587883949279,0.1384587883949279,0.1384587883949279,0.1384587883949279,6400.0
2024-09-25,0.1384587883949279,0.1384587883949279,0.1384587883949279,0.1384587883949279,0.0
2024-09-26,0.1384587883949279,0.1384587883949279,0.1384587883949279,0.1384587883949279,0.0
2024-09-27,0.1384587883949279,0.1384587883949279,0.1384587883949279,0.1384587883949279,0.0
2024-09-30,0.1384587883949279,0.1384587883949279,0.1384587883949279,0.1384587883949279,0.0
2024-10-01,0.1384587883949279,0.1384587883949279,0.1384587883949279,0.1384587883949279,3000.0
2024-10-02,0.1384587883949279,0.1384587883949279,0.1384587883949279,0.1384587883949279,0.0
2024-10-03,0.1375295177711674,0.1375295177711674,0.1319539994001388,0.1319539994001388,33300.0
2024-10-04,0.1319539994001388,0.1319539994001388,0.1319539994001388,0.1319539994001388,0.0
2024-10-07,0.1319539994001388,0.1319539994001388,0.1319539994001388,0.1319539994001388,0.0
2024-10-08,0.1319539994001388,0.1319539994001388,0.1319539994001388,0.1319539994001388,0.0
2024-10-09,0.133812511034724,0.1384587883949279,0.133812511034724,0.1384587883949279,35600.0
2024-10-10,0.1347417682409286,0.1347417682409286,0.1347417682409286,0.1347417682409286,15100.0
2024-10-11,0.1347417682409286,0.1347417682409286,0.1347417682409286,0.1347417682409286,5200.0
2024-10-14,0.1347417682409286,0.1347417682409286,0.1347417682409286,0.1347417682409286,0.0
2024-10-15,0.1347417682409286,0.1347417682409286,0.1347417682409286,0.1347417682409286,0.0
2024-10-16,0.1347417682409286,0.1347417682409286,0.1347417682409286,0.1347417682409286,0.0
2024-10-17,0.1347417682409286,0.1347417682409286,0.1347417682409286,0.1347417682409286,0.0
2024-10-18,0.1347417682409286,0.1347417682409286,0.1347417682409286,0.1347417682409286,0.0
2024-10-21,0.1347417682409286,0.1347417682409286,0.1347417682409286,0.1347417682409286,0.0
2024-10-22,0.1347417682409286,0.1347417682409286,0.1347417682409286,0.1347417682409286,0.0
2024-10-23,0.1328832752617127,0.1338125169277191,0.1328832752617127,0.1338125169277191,52000.0
2024-10-24,0.1338125169277191,0.1338125169277191,0.1338125169277191,0.1338125169277191,0.0
2024-10-25,0.1338125169277191,0.1338125169277191,0.1338125169277191,0.1338125169277191,0.0
2024-10-28,0.1338125169277191,0.1338125169277191,0.1338125169277191,0.1338125169277191,0.0
2024-10-29,0.1338125169277191,0.1338125169277191,0.1338125169277191,0.1338125169277191,0.0
2024-10-30,0.1328832672893649,0.1328832672893649,0.1291662454605102,0.1291662454605102,3700.0
2024-11-01,0.1338125169277191,0.1338125169277191,0.1338125169277191,0.1338125169277191,1400.0
2024-11-04,0.1338125169277191,0.1338125169277191,0.1338125169277191,0.1338125169277191,0.0
2024-11-05,0.1338125169277191,0.1338125169277191,0.1338125169277191,0.1338125169277191,0.0
2024-11-06,0.1338125169277191,0.1338125169277191,0.1338125169277191,0.1338125169277191,0.0
2024-11-07,0.135134756565094,0.135134756565094,0.135134756565094,0.135134756565094,0.0
2024-11-08,0.135134756565094,0.135134756565094,0.135134756565094,0.135134756565094,0.0
2024-11-11,0.1266888529062271,0.1266888529062271,0.1266888529062271,0.1266888529062271,500.0
2024-11-12,0.1313810268588739,0.1360732018947601,0.1313810268588739,0.1360732018947601,206700.0
2024-11-13,0.1360732018947601,0.1360732018947601,0.1360732018947601,0.1360732018947601,0.0
2024-11-14,0.1360732018947601,0.1360732018947601,0.1360732018947601,0.1360732018947601,0.0
2024-11-15,0.1360732018947601,0.1360732018947601,0.1360732018947601,0.1360732018947601,0.0
2024-11-18,0.135134756565094,0.135134756565094,0.135134756565094,0.135134756565094,31500.0
2024-11-19,0.135134756565094,0.135134756565094,0.135134756565094,0.135134756565094,50000.0
2024-11-20,0.135134756565094,0.135134756565094,0.135134756565094,0.135134756565094,0.0
2024-11-21,0.135134756565094,0.135134756565094,0.135134756565094,0.135134756565094,0.0
2024-11-22,0.135134756565094,0.135134756565094,0.135134756565094,0.135134756565094,0.0
2024-11-25,0.135134756565094,0.135134756565094,0.135134756565094,0.135134756565094,0.0
2024-11-26,0.135134756565094,0.135134756565094,0.135134756565094,0.135134756565094,0.0
2024-11-27,0.135134756565094,0.135134756565094,0.135134756565094,0.135134756565094,0.0
2024-11-28,0.135134756565094,0.135134756565094,0.135134756565094,0.135134756565094,0.0
2024-11-29,0.135134756565094,0.135134756565094,0.135134756565094,0.135134756565094,0.0
2024-12-02,0.135134756565094,0.135134756565094,0.135134756565094,0.135134756565094,0.0
2024-12-03,0.135134756565094,0.135134756565094,0.135134756565094,0.135134756565094,0.0
2024-12-04,0.135134756565094,0.135134756565094,0.135134756565094,0.135134756565094,0.0
2024-12-05,0.135134756565094,0.135134756565094,0.135134756565094,0.135134756565094,0.0
2024-12-06,0.135134756565094,0.135134756565094,0.135134756565094,0.135134756565094,0.0
2024-12-09,0.135134756565094,0.135134756565094,0.135134756565094,0.135134756565094,0.0
2024-12-10,0.135134756565094,0.135134756565094,0.135134756565094,0.135134756565094,0.0
2024-12-11,0.135134756565094,0.135134756565094,0.135134756565094,0.135134756565094,0.0
2024-12-12,0.135134756565094,0.135134756565094,0.135134756565094,0.135134756565094,0.0
2024-12-13,0.135134756565094,0.135134756565094,0.135134756565094,0.135134756565094,0.0
2024-12-16,0.135134756565094,0.135134756565094,0.135134756565094,0.135134756565094,0.0
2024-12-17,0.135134756565094,0.135134756565094,0.135134756565094,0.135134756565094,0.0
2024-12-18,0.135134756565094,0.135134756565094,0.135134756565094,0.135134756565094,0.0
2024-12-19,0.135134756565094,0.135134756565094,0.135134756565094,0.135134756565094,0.0
2024-12-20,0.135134756565094,0.135134756565094,0.135134756565094,0.135134756565094,0.0
2024-12-23,0.135134756565094,0.135134756565094,0.135134756565094,0.135134756565094,0.0
2024-12-24,0.135134756565094,0.135134756565094,0.135134756565094,0.135134756565094,0.0
2024-12-26,0.135134756565094,0.135134756565094,0.135134756565094,0.135134756565094,0.0
2024-12-27,0.135134756565094,0.135134756565094,0.135134756565094,0.135134756565094,0.0
2024-12-30,0.135134756565094,0.135134756565094,0.135134756565094,0.135134756565094,0.0
2024-12-31,0.135134756565094,0.135134756565094,0.135134756565094,0.135134756565094,0.0
2025-01-02,0.135134756565094,0.135134756565094,0.135134756565094,0.135134756565094,0.0
2025-01-03,0.135134756565094,0.135134756565094,0.135134756565094,0.135134756565094,0.0
2025-01-06,0.135134756565094,0.135134756565094,0.135134756565094,0.135134756565094,0.0
2025-01-07,0.135134756565094,0.135134756565094,0.135134756565094,0.135134756565094,0.0
2025-01-08,0.135134756565094,0.135134756565094,0.135134756565094,0.135134756565094,0.0
2025-01-09,0.135134756565094,0.135134756565094,0.135134756565094,0.135134756565094,0.0
2025-01-10,0.135134756565094,0.135134756565094,0.135134756565094,0.135134756565094,0.0
2025-01-13,0.135134756565094,0.135134756565094,0.135134756565094,0.135134756565094,0.0
2025-01-14,0.135134756565094,0.135134756565094,0.135134756565094,0.135134756565094,0.0
2025-01-15,0.135134756565094,0.135134756565094,0.135134756565094,0.135134756565094,0.0
2025-01-16,0.135134756565094,0.135134756565094,0.135134756565094,0.135134756565094,0.0
2025-01-17,0.135134756565094,0.135134756565094,0.135134756565094,0.135134756565094,0.0
2025-01-20,0.135134756565094,0.135134756565094,0.135134756565094,0.135134756565094,0.0
2025-01-21,0.135134756565094,0.135134756565094,0.135134756565094,0.135134756565094,0.0
2025-01-22,0.135134756565094,0.135134756565094,0.135134756565094,0.135134756565094,0.0
2025-01-23,0.135134756565094,0.135134756565094,0.135134756565094,0.135134756565094,0.0
2025-01-24,0.135134756565094,0.135134756565094,0.135134756565094,0.135134756565094,0.0
2025-01-27,0.135134756565094,0.135134756565094,0.135134756565094,0.135134756565094,0.0
2025-01-28,0.135134756565094,0.135134756565094,0.135134756565094,0.135134756565094,0.0
2025-01-31,0.135134756565094,0.135134756565094,0.135134756565094,0.135134756565094,0.0
2025-02-03,0.135134756565094,0.135134756565094,0.135134756565094,0.135134756565094,0.0
2025-02-04,0.135134756565094,0.135134756565094,0.135134756565094,0.135134756565094,0.0
2025-02-05,0.135134756565094,0.135134756565094,0.135134756565094,0.135134756565094,0.0
2025-02-06,0.135134756565094,0.135134756565094,0.135134756565094,0.135134756565094,0.0
2025-02-07,0.135134756565094,0.135134756565094,0.135134756565094,0.135134756565094,0.0
2025-02-10,0.135134756565094,0.135134756565094,0.135134756565094,0.135134756565094,0.0
2025-02-11,0.135134756565094,0.135134756565094,0.135134756565094,0.135134756565094,0.0
2025-02-12,0.135134756565094,0.135134756565094,0.135134756565094,0.135134756565094,0.0
2025-02-13,0.135134756565094,0.135134756565094,0.135134756565094,0.135134756565094,2000.0
2025-02-14,0.135134756565094,0.135134756565094,0.135134756565094,0.135134756565094,0.0
2025-02-17,0.135134756565094,0.135134756565094,0.135134756565094,0.135134756565094,0.0
2025-02-18,0.135134756565094,0.135134756565094,0.135134756565094,0.135134756565094,0.0
2025-02-19,0.135134756565094,0.135134756565094,0.135134756565094,0.135134756565094,0.0
2025-02-20,0.135134756565094,0.135134756565094,0.135134756565094,0.135134756565094,0.0
2025-02-21,0.135134756565094,0.135134756565094,0.135134756565094,0.135134756565094,0.0
2025-02-24,0.135134756565094,0.135134756565094,0.135134756565094,0.135134756565094,0.0
2025-02-25,0.1384016126394271,0.1384016126394271,0.1384016126394271,0.1384016126394271,0.0
2025-02-26,0.1384016126394271,0.1384016126394271,0.1384016126394271,0.1384016126394271,0.0
2025-02-27,0.1384016126394271,0.1384016126394271,0.1384016126394271,0.1384016126394271,0.0
2025-02-28,0.1384016126394271,0.1384016126394271,0.1384016126394271,0.1384016126394271,0.0
2025-03-03,0.1384016126394271,0.1384016126394271,0.1384016126394271,0.1384016126394271,0.0
2025-03-04,0.1384016126394271,0.1384016126394271,0.1384016126394271,0.1384016126394271,0.0
2025-03-05,0.1384016126394271,0.1384016126394271,0.1384016126394271,0.1384016126394271,0.0
2025-03-06,0.1384016126394271,0.1384016126394271,0.1384016126394271,0.1384016126394271,0.0
2025-03-07,0.1384016126394271,0.1384016126394271,0.1384016126394271,0.1384016126394271,0.0
2025-03-10,0.1384016126394271,0.1384016126394271,0.1384016126394271,0.1384016126394271,0.0
2025-03-11,0.1307126501423565,0.1441683620214462,0.1307126501423565,0.1441683620214462,13000.0
2025-03-12,0.1441683620214462,0.1441683620214462,0.1441683620214462,0.1441683620214462,1100.0
2025-03-13,0.1441683620214462,0.1441683620214462,0.1441683620214462,0.1441683620214462,0.0
2025-03-14,0.1441683620214462,0.1441683620214462,0.1441683620214462,0.1441683620214462,0.0
2025-03-17,0.1441683620214462,0.1441683620214462,0.1441683620214462,0.1441683620214462,0.0
2025-03-18,0.1441683620214462,0.1441683620214462,0.1441683620214462,0.1441683620214462,0.0
2025-03-19,0.1441683620214462,0.1441683620214462,0.1441683620214462,0.1441683620214462,0.0
2025-03-20,0.1441683620214462,0.1441683620214462,0.1441683620214462,0.1441683620214462,0.0
2025-03-21,0.1441683620214462,0.1441683620214462,0.1441683620214462,0.1441683620214462,0.0
2025-03-24,0.1441683620214462,0.1441683620214462,0.1441683620214462,0.1441683620214462,0.0
2025-03-25,0.1441683620214462,0.1441683620214462,0.1441683620214462,0.1441683620214462,0.0
2025-03-26,0.1441683620214462,0.1441683620214462,0.1441683620214462,0.1441683620214462,0.0
2025-03-27,0.1441683620214462,0.1441683620214462,0.1441683620214462,0.1441683620214462,0.0
2025-03-28,0.1441683620214462,0.1441683620214462,0.1441683620214462,0.1441683620214462,0.0
2025-04-01,0.1441683620214462,0.1441683620214462,0.1441683620214462,0.1441683620214462,0.0
2025-04-02,0.1441683620214462,0.1441683620214462,0.1441683620214462,0.1441683620214462,60000.0
2025-04-03,0.1441683620214462,0.1441683620214462,0.1441683620214462,0.1441683620214462,0.0
2025-04-04,0.1441683620214462,0.1441683620214462,0.1441683620214462,0.1441683620214462,0.0
2025-04-07,0.1441683620214462,0.1441683620214462,0.1441683620214462,0.1441683620214462,0.0
2025-04-08,0.1441683620214462,0.1441683620214462,0.1441683620214462,0.1441683620214462,0.0
2025-04-09,0.1441683620214462,0.1441683620214462,0.1441683620214462,0.1441683620214462,0.0
2025-04-10,0.1441683620214462,0.1441683620214462,0.1441683620214462,0.1441683620214462,0.0
2025-04-11,0.1441683620214462,0.1441683620214462,0.1441683620214462,0.1441683620214462,0.0
2025-04-14,0.1297515347225539,0.1335960179567337,0.1297515347225539,0.1335960179567337,11000.0
2025-04-15,0.1335960179567337,0.1335960179567337,0.1335960179567337,0.1335960179567337,0.0
2025-04-16,0.1335960179567337,0.1335960179567337,0.1335960179567337,0.1335960179567337,0.0
2025-04-17,0.1393627375364303,0.1393627375364303,0.1393627375364303,0.1393627375364303,100.0
2025-04-21,0.1393627375364303,0.1393627375364303,0.1393627375364303,0.1393627375364303,0.0
2025-04-22,0.1460905969142913,0.1460905969142913,0.1460905969142913,0.1460905969142913,4200.0
2025-04-23,0.1460905969142913,0.1460905969142913,0.1460905969142913,0.1460905969142913,0.0
2025-04-24,0.1460905969142913,0.1460905969142913,0.1460905969142913,0.1460905969142913,0.0
2025-04-25,0.1335960179567337,0.1335960179567337,0.1335960179567337,0.1335960179567337,100.0
2025-04-28,0.116295801248314,0.1326348781585693,0.116295801248314,0.1326348781585693,500.0
2025-04-29,0.1162958070635795,0.1162958070635795,0.1162958070635795,0.1162958070635795,4900.0
2025-04-30,0.1162958070635795,0.1162958070635795,0.1162958070635795,0.1162958070635795,0.0
2025-05-02,0.1162958070635795,0.1162958070635795,0.1162958070635795,0.1162958070635795,0.0
2025-05-05,0.1201403038092775,0.1345571408392644,0.1201403038092775,0.1297515332698822,78300.0
2025-05-06,0.1345571267132578,0.1374404995452905,0.1326348781585693,0.1326348781585693,13500.0
2025-05-07,0.1326348781585693,0.1326348781585693,0.1326348781585693,0.1326348781585693,49200.0
2025-05-08,0.1364793765249687,0.1364793765249687,0.1345571279525756,0.1345571279525756,32100.0
2025-05-09,0.1345571279525756,0.1345571279525756,0.1345571279525756,0.1345571279525756,0.0
2025-05-13,0.1345571279525756,0.1345571279525756,0.1345571279525756,0.1345571279525756,11100.0
2025-05-14,0.1393627350617194,0.140323859347916,0.1345571279525756,0.1345571279525756,11900.0
2025-05-15,0.1345571279525756,0.1345571279525756,0.1345571279525756,0.1345571279525756,0.0
2025-05-16,0.1345571279525756,0.1345571279525756,0.1345571279525756,0.1345571279525756,0.0
2025-05-19,0.1345571279525756,0.1345571279525756,0.1345571279525756,0.1345571279525756,0.0
2025-05-20,0.1345571279525756,0.1345571279525756,0.1345571279525756,0.1345571279525756,0.0
2025-05-21,0.1345571279525756,0.1345571279525756,0.1345571279525756,0.1345571279525756,0.0
2025-05-22,0.1345571279525756,0.1345571279525756,0.1345571279525756,0.1345571279525756,0.0
2025-05-23,0.1172569319605827,0.1172569319605827,0.1172569319605827,0.1172569319605827,1000.0
2025-05-26,0.1172569319605827,0.1172569319605827,0.1172569319605827,0.1172569319605827,0.0
2025-05-27,0.1172569319605827,0.1172569319605827,0.1172569319605827,0.1172569319605827,0.0
2025-05-28,0.1172569319605827,0.1172569319605827,0.1172569319605827,0.1172569319605827,0.0
2025-05-29,0.1172569319605827,0.1172569319605827,0.1172569319605827,0.1172569319605827,0.0
2025-05-30,0.1345571279525756,0.1345571279525756,0.1345571279525756,0.1345571279525756,5000.0
2025-06-02,0.1345571279525756,0.1345571279525756,0.1345571279525756,0.1345571279525756,0.0
2025-06-03,0.1345571279525756,0.1345571279525756,0.1345571279525756,0.1345571279525756,0.0
2025-06-04,0.1335960087896817,0.1441683620214462,0.1335960087896817,0.1441683620214462,2249800.0
2025-06-05,0.1441683620214462,0.1441683620214462,0.1441683620214462,0.1441683620214462,0.0
2025-06-06,0.1441683620214462,0.1441683620214462,0.1441683620214462,0.1441683620214462,0.0
2025-06-09,0.1441683620214462,0.1441683620214462,0.1441683620214462,0.1441683620214462,0.0
2025-06-10,0.1345571279525756,0.1345571279525756,0.1345571279525756,0.1345571279525756,8100.0
2025-06-11,0.1345571279525756,0.1345571279525756,0.1345571279525756,0.1345571279525756,0.0
2025-06-12,0.1345571279525756,0.1345571279525756,0.1345571279525756,0.1345571279525756,0.0
2025-06-13,0.1345571279525756,0.1345571279525756,0.1345571279525756,0.1345571279525756,0.0
2025-06-16,0.1345571279525756,0.1345571279525756,0.1345571279525756,0.1345571279525756,0.0
2025-06-17,0.1345571279525756,0.1345571279525756,0.1345571279525756,0.1345571279525756,0.0
2025-06-18,0.1345571279525756,0.1345571279525756,0.1345571279525756,0.1345571279525756,0.0
2025-06-19,0.1345571279525756,0.1345571279525756,0.1345571279525756,0.1345571279525756,0.0
2025-06-20,0.1345571279525756,0.1345571279525756,0.1345571279525756,0.1345571279525756,0.0
2025-06-23,0.1345571279525756,0.1345571279525756,0.1345571279525756,0.1345571279525756,30000.0
2025-06-24,0.1345571279525756,0.1345571279525756,0.1345571279525756,0.1345571279525756,0.0
2025-06-25,0.1345571279525756,0.1345571279525756,0.1345571279525756,0.1345571279525756,0.0
2025-06-26,0.1345571279525756,0.1345571279525756,0.1345571279525756,0.1345571279525756,0.0
2025-06-27,0.1345571279525756,0.1345571279525756,0.1345571279525756,0.1345571279525756,0.0
2025-06-30,0.1345571279525756,0.1345571279525756,0.1345571279525756,0.1345571279525756,0.0
2025-07-01,0.1345571279525756,0.1345571279525756,0.1345571279525756,0.1345571279525756,0.0
2025-07-02,0.1345571279525756,0.1345571279525756,0.1345571279525756,0.1345571279525756,0.0
2025-07-03,0.1345571279525756,0.1345571279525756,0.1345571279525756,0.1345571279525756,0.0
2025-07-04,0.1345571279525756,0.1345571279525756,0.1345571279525756,0.1345571279525756,0.0
2025-07-07,0.1345571279525756,0.1345571279525756,0.1345571279525756,0.1345571279525756,0.0
2025-07-08,0.1345571279525756,0.1345571279525756,0.1345571279525756,0.1345571279525756,0.0
2025-07-09,0.1384016132331668,0.1393627375364303,0.1384016132331668,0.1393627375364303,204900.0
2025-07-10,0.1393627375364303,0.1393627375364303,0.1393627375364303,0.1393627375364303,0.0
2025-07-11,0.1393627375364303,0.1393627375364303,0.1393627375364303,0.1393627375364303,0.0
2025-07-14,0.1393627375364303,0.1393627375364303,0.1393627375364303,0.1393627375364303,0.0
2025-07-15,0.1393627375364303,0.1393627375364303,0.1393627375364303,0.1393627375364303,0.0
2025-07-16,0.1393627375364303,0.1393627375364303,0.1393627375364303,0.1393627375364303,44000.0
2025-07-17,0.1393627375364303,0.1393627375364303,0.1393627375364303,0.1393627375364303,0.0
2025-07-18,0.1393627375364303,0.1393627375364303,0.1393627375364303,0.1393627375364303,0.0
2025-07-21,0.1393627375364303,0.1393627375364303,0.1393627375364303,0.1393627375364303,0.0
2025-07-22,0.1393627375364303,0.1393627375364303,0.1393627375364303,0.1393627375364303,0.0
2025-07-23,0.1393627375364303,0.1393627375364303,0.1393627375364303,0.1393627375364303,0.0
2025-07-24,0.1393627375364303,0.1393627375364303,0.1393627375364303,0.1393627375364303,0.0
2025-07-25,0.1393627375364303,0.1393627375364303,0.1393627375364303,0.1393627375364303,0.0
2025-07-28,0.1393627375364303,0.1393627375364303,0.1393627375364303,0.1393627375364303,0.0
2025-07-29,0.1393627375364303,0.1393627375364303,0.1393627375364303,0.1393627375364303,0.0
2025-07-30,0.1393627375364303,0.1393627375364303,0.1393627375364303,0.1393627375364303,0.0
2025-07-31,0.1393627375364303,0.1393627375364303,0.1393627375364303,0.1393627375364303,0.0
2025-08-01,0.1393627375364303,0.1393627375364303,0.1393627375364303,0.1393627375364303,0.0
2025-08-04,0.1393627375364303,0.1393627375364303,0.1393627375364303,0.1393627375364303,0.0
2025-08-05,0.1393627375364303,0.1393627375364303,0.1393627375364303,0.1393627375364303,0.0
2025-08-06,0.1393627375364303,0.1393627375364303,0.1393627375364303,0.1393627375364303,0.0
2025-08-07,0.1393627375364303,0.1393627375364303,0.1393627375364303,0.1393627375364303,0.0
2025-08-08,0.1393627375364303,0.1393627375364303,0.1393627375364303,0.1393627375364303,0.0
2025-08-11,0.1393627375364303,0.1393627375364303,0.1393627375364303,0.1393627375364303,0.0
2025-08-12,0.1393627375364303,0.1393627375364303,0.1393627375364303,0.1393627375364303,0.0
2025-08-13,0.1393627375364303,0.1393627375364303,0.1393627375364303,0.1393627375364303,0.0
2025-08-14,0.1393627375364303,0.1393627375364303,0.1393627375364303,0.1393627375364303,0.0
2025-08-15,0.1393627375364303,0.1393627375364303,0.1393627375364303,0.1393627375364303,0.0
2025-08-18,0.1393627375364303,0.1393627375364303,0.1393627375364303,0.1393627375364303,0.0
2025-08-19,0.1393627375364303,0.1393627375364303,0.1393627375364303,0.1393627375364303,0.0
2025-08-20,0.1393627375364303,0.1393627375364303,0.1393627375364303,0.1393627375364303,0.0
2025-08-21,0.1393627375364303,0.1393627375364303,0.1393627375364303,0.1393627375364303,0.0
2025-08-22,0.1393627375364303,0.1393627375364303,0.1393627375364303,0.1393627375364303,0.0
2025-08-25,0.1393627375364303,0.1393627375364303,0.1393627375364303,0.1393627375364303,0.0
2025-08-26,0.1393627375364303,0.1393627375364303,0.1393627375364303,0.1393627375364303,0.0
2025-08-27,0.1393627375364303,0.1393627375364303,0.1393627375364303,0.1393627375364303,0.0
2025-08-28,0.1393627375364303,0.1393627375364303,0.1393627375364303,0.1393627375364303,0.0
2025-08-29,0.132634884461716,0.1460905963403075,0.1278292771684588,0.1451294720172882,30900.0
2025-09-01,0.1451294720172882,0.1451294720172882,0.1451294720172882,0.1451294720172882,0.0
2025-09-02,0.1451294720172882,0.1451294720172882,0.1451294720172882,0.1451294720172882,0.0
2025-09-03,0.1451294720172882,0.1451294720172882,0.1451294720172882,0.1451294720172882,0.0
2025-09-04,0.1451294720172882,0.1451294720172882,0.1451294720172882,0.1451294720172882,0.0
2025-09-05,0.1451294720172882,0.1451294720172882,0.1451294720172882,0.1451294720172882,0.0
2025-09-08,0.1393627375364303,0.1393627375364303,0.1393627375364303,0.1393627375364303,100.0
2025-09-09,0.1393627375364303,0.1393627375364303,0.1393627375364303,0.1393627375364303,0.0
2025-09-10,0.1393627375364303,0.1393627375364303,0.1393627375364303,0.1393627375364303,0.0
2025-09-11,0.1393627375364303,0.1393627375364303,0.1393627375364303,0.1393627375364303,0.0
2025-09-12,0.1393627375364303,0.1393627375364303,0.1393627375364303,0.1393627375364303,461100.0
2025-09-15,0.1393627375364303,0.1393627375364303,0.1393627375364303,0.1393627375364303,0.0
2025-09-16,0.1393627375364303,0.1393627375364303,0.1393627375364303,0.1393627375364303,0.0
2025-09-17,0.1393627375364303,0.1393627375364303,0.1393627375364303,0.1393627375364303,0.0
2025-09-18,0.1393627375364303,0.1393627375364303,0.1393627375364303,0.1393627375364303,0.0
2025-09-19,0.1393627375364303,0.1393627375364303,0.1393627375364303,0.1393627375364303,100.0
2025-09-22,0.1393627375364303,0.1393627375364303,0.1393627375364303,0.1393627375364303,0.0
2025-09-23,0.1393627375364303,0.1393627375364303,0.1393627375364303,0.1393627375364303,0.0
2025-09-24,0.1393627375364303,0.1393627375364303,0.1393627375364303,0.1393627375364303,0.0
2025-09-25,0.1393627375364303,0.1393627375364303,0.1393627375364303,0.1393627375364303,0.0
2025-09-26,0.1393627375364303,0.1393627375364303,0.1393627375364303,0.1393627375364303,0.0
2025-09-29,0.1393627375364303,0.1393627375364303,0.1393627375364303,0.1393627375364303,0.0
2025-09-30,0.1393627375364303,0.1393627375364303,0.1393627375364303,0.1393627375364303,0.0
2025-10-01,0.1393627375364303,0.1393627375364303,0.1393627375364303,0.1393627375364303,0.0
2025-10-02,0.1297515196483753,0.1326348781585693,0.1297515196483753,0.1326348781585693,7400.0
2025-10-03,0.1316737532615661,0.1316737532615661,0.1316737532615661,0.1316737532615661,100.0
2025-10-06,0.1316737532615661,0.1316737532615661,0.1316737532615661,0.1316737532615661,0.0
2025-10-07,0.1316737532615661,0.1316737532615661,0.1316737532615661,0.1316737532615661,100.0
2025-10-08,0.1316737532615661,0.1316737532615661,0.1316737532615661,0.1316737532615661,0.0
2025-10-09,0.1259070331431585,0.1259070331431585,0.1249459087848663,0.1249459087848663,4200.0
2025-10-10,0.1201402992010116,0.1201402992010116,0.1182180576791749,0.1201402992010116,81400.0
2025-10-13,0.1201402992010116,0.1201402992010116,0.1201402992010116,0.1201402992010116,0.0
2025-10-14,0.1201402992010116,0.1201402992010116,0.1201402992010116,0.1201402992010116,0.0
2025-10-15,0.1201402992010116,0.1201402992010116,0.1201402992010116,0.1201402992010116,0.0
2025-10-16,0.1316737550939861,0.1345571279525756,0.1316737550939861,0.1345571279525756,3700.0
2025-10-17,0.1345571279525756,0.1345571279525756,0.1345571279525756,0.1345571279525756,500.0
2025-10-21,0.1345571279525756,0.1345571279525756,0.1345571279525756,0.1345571279525756,0.0
2025-10-22,0.1345571279525756,0.1345571279525756,0.1345571279525756,0.1345571279525756,0.0
2025-10-23,0.1345571279525756,0.1345571279525756,0.1345571279525756,0.1345571279525756,0.0
2025-10-24,0.1345571279525756,0.1345571279525756,0.1345571279525756,0.1345571279525756,0.0
2025-10-27,0.1345571279525756,0.1345571279525756,0.1345571279525756,0.1345571279525756,0.0
2025-10-28,0.1345571279525756,0.1345571279525756,0.1345571279525756,0.1345571279525756,0.0
2025-10-29,0.1326348935677286,0.1335960179567337,0.1326348935677286,0.1335960179567337,55000.0
2025-10-30,0.1335960179567337,0.1335960179567337,0.1335960179567337,0.1335960179567337,0.0
2025-10-31,0.1335960179567337,0.1335960179567337,0.1335960179567337,0.1335960179567337,500.0
2025-11-03,0.1344209164381027,0.1344209164381027,0.1344209164381027,0.1344209164381027,0.0
2025-11-04,0.1305526942014694,0.1305526942014694,0.1305526942014694,0.1305526942014694,1200.0
2025-11-05,0.1305526942014694,0.1305526942014694,0.1305526942014694,0.1305526942014694,0.0
2025-11-06,0.1257173964353629,0.1257173964353629,0.1102444902062416,0.1102444902062416,6000.0
2025-11-07,0.1102444902062416,0.1102444902062416,0.1102444902062416,0.1102444902062416,0.0
2025-11-10,0.1102444902062416,0.1102444902062416,0.1102444902062416,0.1102444902062416,100.0
2025-11-11,0.110244490189238,0.1315197497606277,0.110244490189238,0.1315197497606277,6900.0
2025-11-12,0.1257174015045166,0.1257174015045166,0.1257174015045166,0.1257174015045166,100.0
2025-11-13,0.1247503384947776,0.1247503384947776,0.1247503384947776,0.1247503384947776,100.0
2025-11-14,0.1247503384947776,0.1247503384947776,0.1247503384947776,0.1247503384947776,0.0
2025-11-17,0.1247503384947776,0.1247503384947776,0.1247503384947776,0.1247503384947776,0.0
2025-11-18,0.1247503384947776,0.1247503384947776,0.1247503384947776,0.1247503384947776,0.0
2025-11-19,0.1247503384947776,0.1247503384947776,0.1247503384947776,0.1247503384947776,0.0
2025-11-20,0.1247503384947776,0.1247503384947776,0.1247503384947776,0.1247503384947776,0.0
2025-11-21,0.1247503384947776,0.1247503384947776,0.1247503384947776,0.1247503384947776,0.0
2025-11-24,0.1247503384947776,0.1247503384947776,0.1247503384947776,0.1247503384947776,0.0
2025-11-25,0.1247503384947776,0.1247503384947776,0.1247503384947776,0.1247503384947776,0.0
2025-11-26,0.1102444946514996,0.1257174015045166,0.1102444946514996,0.1257174015045166,15100.0
2025-11-27,0.1257174015045166,0.1257174015045166,0.1257174015045166,0.1257174015045166,0.0
2025-11-28,0.1257174015045166,0.1257174015045166,0.1257174015045166,0.1257174015045166,0.0
2025-12-01,0.1257174015045166,0.1257174015045166,0.1257174015045166,0.1257174015045166,0.0
2025-12-02,0.1257174015045166,0.1257174015045166,0.1257174015045166,0.1257174015045166,0.0
2025-12-03,0.1257174015045166,0.1257174015045166,0.1257174015045166,0.1257174015045166,0.0
2025-12-04,0.1257174015045166,0.1257174015045166,0.1257174015045166,0.1257174015045166,0.0
2025-12-05,0.1353879744534674,0.1431244313716888,0.1353879744534674,0.1431244313716888,4700.0
2025-12-08,0.1431244313716888,0.1431244313716888,0.1431244313716888,0.1431244313716888,0.0
2025-12-09,0.1431244313716888,0.1431244313716888,0.1431244313716888,0.1431244313716888,0.0
2025-12-10,0.1431244313716888,0.1431244313716888,0.1431244313716888,0.1431244313716888,0.0
2025-12-11,0.1431244313716888,0.1431244313716888,0.1431244313716888,0.1431244313716888,0.0
2025-12-12,0.1431244313716888,0.1431244313716888,0.1431244313716888,0.1431244313716888,0.0
2025-12-15,0.1431244313716888,0.1431244313716888,0.1431244313716888,0.1431244313716888,0.0
2025-12-16,0.1431244313716888,0.1431244313716888,0.1431244313716888,0.1431244313716888,0.0
2025-12-17,0.1431244313716888,0.1431244313716888,0.1431244313716888,0.1431244313716888,0.0
2025-12-18,0.1431244313716888,0.1431244313716888,0.1431244313716888,0.1431244313716888,0.0
2025-12-19,0.1431244313716888,0.1431244313716888,0.1431244313716888,0.1431244313716888,0.0
2025-12-22,0.1431244313716888,0.1431244313716888,0.1431244313716888,0.1431244313716888,0.0
2025-12-23,0.1431244313716888,0.1431244313716888,0.1431244313716888,0.1431244313716888,100.0
2025-12-24,0.1431244313716888,0.1431244313716888,0.1431244313716888,0.1431244313716888,0.0
2025-12-26,0.1431244313716888,0.1431244313716888,0.1431244313716888,0.1431244313716888,0.0
2025-12-29,0.1431244313716888,0.1431244313716888,0.1431244313716888,0.1431244313716888,0.0
2025-12-30,0.1431244313716888,0.1431244313716888,0.1431244313716888,0.1431244313716888,0.0
2025-12-31,0.1431244313716888,0.1431244313716888,0.1431244313716888,0.1431244313716888,0.0
2026-01-02,0.1431244313716888,0.1431244313716888,0.1431244313716888,0.1431244313716888,0.0
2026-01-05,0.1141127194341088,0.1247503384947776,0.1141127194341088,0.1247503384947776,3300.0
2026-01-06,0.1450585424900055,0.1450585424900055,0.1450585424900055,0.1450585424900055,1000.0
2026-01-07,0.1450585424900055,0.1450585424900055,0.1450585424900055,0.1450585424900055,0.0
2026-01-08,0.1450585424900055,0.1450585424900055,0.1450585424900055,0.1450585424900055,0.0
2026-01-09,0.117013888923849,0.1247503384947776,0.117013888923849,0.1247503384947776,400.0
2026-01-12,0.1247503384947776,0.1247503384947776,0.1247503384947776,0.1247503384947776,1600.0
2026-01-13,0.1247503384947776,0.1247503384947776,0.1247503384947776,0.1247503384947776,0.0
2026-01-14,0.1247503384947776,0.1247503384947776,0.1247503384947776,0.1247503384947776,200.0
2026-01-15,0.1189480067481459,0.135387971997261,0.1189480067481459,0.135387971997261,3000.0
2026-01-16,0.135387971997261,0.135387971997261,0.135387971997261,0.135387971997261,0.0
2026-01-19,0.135387971997261,0.135387971997261,0.135387971997261,0.135387971997261,0.0
2026-01-20,0.135387971997261,0.135387971997261,0.135387971997261,0.135387971997261,0.0
2026-01-21,0.135387971997261,0.135387971997261,0.135387971997261,0.135387971997261,0.0
2026-01-22,0.135387971997261,0.135387971997261,0.135387971997261,0.135387971997261,0.0
2026-01-23,0.135387971997261,0.135387971997261,0.135387971997261,0.135387971997261,0.0
2026-01-26,0.135387971997261,0.135387971997261,0.135387971997261,0.135387971997261,0.0
2026-01-27,0.135387971997261,0.135387971997261,0.135387971997261,0.135387971997261,0.0
2026-01-28,0.135387971997261,0.135387971997261,0.135387971997261,0.135387971997261,0.0
2026-01-29,0.1257173953723733,0.1402232497930526,0.1257173953723733,0.1402232497930526,200.0
2026-01-30,0.1402232497930526,0.1402232497930526,0.1402232497930526,0.1402232497930526,0.0
2026-02-02,0.13345385148564,0.13345385148564,0.1276515126228332,0.1276515126228332,22800.0
2026-02-03,0.1276515126228332,0.1276515126228332,0.1276515126228332,0.1276515126228332,0.0
2026-02-04,0.1276515126228332,0.1276515126228332,0.1276515126228332,0.1276515126228332,0.0
2026-02-05,0.1276515126228332,0.1276515126228332,0.1276515126228332,0.1276515126228332,0.0
2026-02-06,0.1276515126228332,0.1276515126228332,0.1276515126228332,0.1276515126228332,0.0
2026-02-09,0.1276515126228332,0.1276515126228332,0.1276515126228332,0.1276515126228332,0.0
2026-02-10,0.1276515126228332,0.1276515126228332,0.1276515126228332,0.1276515126228332,0.0
2026-02-11,0.1228162348270416,0.1228162348270416,0.1228162348270416,0.1228162348270416,100.0
2026-02-12,0.1228162348270416,0.1228162348270416,0.1228162348270416,0.1228162348270416,0.0
2026-02-13,0.1276515152193943,0.135387971997261,0.1276515152193943,0.135387971997261,50900.0
2026-02-16,0.135387971997261,0.135387971997261,0.135387971997261,0.135387971997261,0.0
2026-02-19,0.135387971997261,0.135387971997261,0.135387971997261,0.135387971997261,0.0
2026-02-20,0.135387971997261,0.135387971997261,0.135387971997261,0.135387971997261,0.0
2026-02-23,0.1276515126228332,0.1276515126228332,0.1276515126228332,0.1276515126228332,100.0
2026-02-24,0.1295856386423111,0.1295856386423111,0.1295856386423111,0.1295856386423111,100.0
2026-02-25,0.1295856386423111,0.1295856386423111,0.1295856386423111,0.1295856386423111,100.0
2026-02-26,0.1276515126228332,0.1276515126228332,0.1276515126228332,0.1276515126228332,100.0
2026-02-27,0.1276515093281054,0.1286185681819915,0.1276515093281054,0.1286185681819915,53200.0
2026-03-02,0.1228162348270416,0.1228162348270416,0.1228162348270416,0.1228162348270416,9300.0
2026-03-03,0.1160468284835033,0.1189480051398277,0.1160468284835033,0.1189480051398277,80100.0
2026-03-04,0.1189480051398277,0.1189480051398277,0.1189480051398277,0.1189480051398277,0.0
2026-03-05,0.1230000033974647,0.1230000033974647,0.1230000033974647,0.1230000033974647,2000.0
2026-03-06,0.1230000033974647,0.1230000033974647,0.1230000033974647,0.1230000033974647,0.0
2026-03-09,0.1230000033974647,0.1230000033974647,0.1230000033974647,0.1230000033974647,0.0
2026-03-10,0.1230000033974647,0.1230000033974647,0.1230000033974647,0.1230000033974647,0.0
2026-03-11,0.1230000033974647,0.1230000033974647,0.1230000033974647,0.1230000033974647,0.0
2026-03-12,0.1230000033974647,0.1230000033974647,0.1230000033974647,0.1230000033974647,0.0
2026-03-13,0.1230000033974647,0.1369999945163726,0.1230000033974647,0.1369999945163726,20000.0
2026-03-16,0.1369999945163726,0.1369999945163726,0.1369999945163726,0.1369999945163726,0.0
2026-03-17,0.1299999952316284,0.1299999952316284,0.1299999952316284,0.1299999952316284,5000.0
2026-03-18,0.123999997973442,0.123999997973442,0.123999997973442,0.123999997973442,200.0
2026-03-19,0.123999997973442,0.123999997973442,0.123999997973442,0.123999997973442,0.0
2026-03-20,0.123999997973442,0.123999997973442,0.123999997973442,0.123999997973442,0.0
2026-03-23,0.123999997973442,0.123999997973442,0.123999997973442,0.123999997973442,0.0
2026-03-24,0.1180000007152557,0.1180000007152557,0.1180000007152557,0.1180000007152557,500.0
2026-03-25,0.1199999973177909,0.1220000013709068,0.1199999973177909,0.1220000013709068,10100.0
2026-03-26,0.1220000013709068,0.1220000013709068,0.1220000013709068,0.1220000013709068,0.0
2026-03-27,0.1220000013709068,0.1220000013709068,0.1220000013709068,0.1220000013709068,0.0
2026-03-30,0.1220000013709068,0.1220000013709068,0.1220000013709068,0.1220000013709068,0.0
2026-03-31,0.1159999966621398,0.1159999966621398,0.1110000014305114,0.1110000014305114,20400.0
2026-04-01,0.1110000014305114,0.1110000014305114,0.1110000014305114,0.1110000014305114,0.0
2026-04-02,0.1120000034570694,0.1120000034570694,0.1099999994039535,0.1099999994039535,3000.0
2026-04-06,0.1080000028014183,0.1110000014305114,0.1070000007748603,0.1070000007748603,145300.0
2026-04-07,0.1049999967217445,0.1049999967217445,0.1049999967217445,0.1049999967217445,1500.0
2026-04-08,0.1049999967217445,0.1299999952316284,0.1040000021457672,0.1289999932050705,88800.0
2026-04-09,0.1289999932050705,0.1289999932050705,0.1289999932050705,0.1289999932050705,0.0
2026-04-10,0.1289999932050705,0.1289999932050705,0.1289999932050705,0.1289999932050705,0.0
2026-04-13,0.1289999932050705,0.1289999932050705,0.1289999932050705,0.1289999932050705,0.0
2026-04-14,0.1289999932050705,0.1289999932050705,0.1289999932050705,0.1289999932050705,0.0
2026-04-15,0.1289999932050705,0.1289999932050705,0.1289999932050705,0.1289999932050705,0.0
2026-04-16,0.1289999932050705,0.1289999932050705,0.1289999932050705,0.1289999932050705,0.0
2026-04-17,0.1289999932050705,0.1289999932050705,0.1289999932050705,0.1289999932050705,0.0
2026-04-20,0.1289999932050705,0.1289999932050705,0.1289999932050705,0.1289999932050705,0.0
2026-04-21,0.1289999932050705,0.1289999932050705,0.1289999932050705,0.1289999932050705,0.0
2026-04-22,0.1289999932050705,0.1289999932050705,0.1289999932050705,0.1289999932050705,0.0
2026-04-23,0.1289999932050705,0.1289999932050705,0.1289999932050705,0.1289999932050705,0.0
2026-04-24,0.1289999932050705,0.1289999932050705,0.1289999932050705,0.1289999932050705,0.0
2026-04-27,0.1289999932050705,0.1289999932050705,0.1289999932050705,0.1289999932050705,0.0
2026-04-28,0.1289999932050705,0.1289999932050705,0.1289999932050705,0.1289999932050705,0.0
2026-04-29,0.1289999932050705,0.1289999932050705,0.1289999932050705,0.1289999932050705,0.0
2026-04-30,0.1289999932050705,0.1289999932050705,0.1289999932050705,0.1289999932050705,0.0
2026-05-01,0.1289999932050705,0.1289999932050705,0.1289999932050705,0.1289999932050705,0.0
2026-05-04,0.1289999932050705,0.1289999932050705,0.1289999932050705,0.1289999932050705,0.0
2026-05-05,0.1289999932050705,0.1289999932050705,0.1289999932050705,0.1289999932050705,0.0
2026-05-06,0.1289999932050705,0.1289999932050705,0.1289999932050705,0.1289999932050705,0.0
2026-05-07,0.1289999932050705,0.1289999932050705,0.1289999932050705,0.1289999932050705,0.0
2026-05-08,0.1289999932050705,0.1289999932050705,0.1289999932050705,0.1289999932050705,0.0
2026-05-11,0.1289999932050705,0.1289999932050705,0.1289999932050705,0.1289999932050705,0.0
2026-05-12,0.1289999932050705,0.1289999932050705,0.1289999932050705,0.1289999932050705,0.0
2026-05-13,0.1289999932050705,0.1289999932050705,0.1289999932050705,0.1289999932050705,0.0
2026-05-14,0.1289999932050705,0.1289999932050705,0.1289999932050705,0.1289999932050705,0.0
2026-05-15,0.1289999932050705,0.1289999932050705,0.1289999932050705,0.1289999932050705,0.0
2026-05-18,0.1000000014901161,0.1000000014901161,0.1000000014901161,0.1000000014901161,6000.0
2026-05-19,0.1150000020861625,0.1150000020861625,0.1140000000596046,0.1150000020861625,103000.0
2026-05-20,0.1159999966621398,0.1159999966621398,0.1159999966621398,0.1159999966621398,10000.0
2026-05-21,0.1180000007152557,0.1220000013709068,0.1180000007152557,0.1220000013709068,11000.0
2026-05-22,0.1230000033974647,0.1230000033974647,0.1230000033974647,0.1230000033974647,15000.0
2026-05-25,0.1230000033974647,0.1230000033974647,0.1230000033974647,0.1230000033974647,0.0
2026-05-26,0.1230000033974647,0.1230000033974647,0.1230000033974647,0.1230000033974647,0.0
2026-05-27,0.1230000033974647,0.1230000033974647,0.1230000033974647,0.1230000033974647,0.0
2026-05-28,0.1230000033974647,0.1230000033974647,0.1230000033974647,0.1230000033974647,0.0
2026-05-29,0.1230000033974647,0.1230000033974647,0.1230000033974647,0.1230000033974647,0.0
2026-06-01,0.1230000033974647,0.1230000033974647,0.1230000033974647,0.1230000033974647,0.0
2026-06-02,0.1199999973177909,0.1199999973177909,0.1199999973177909,0.1199999973177909,4500.0
2026-06-03,0.1199999973177909,0.1199999973177909,0.1199999973177909,0.1199999973177909,0.0
2026-06-04,0.1199999973177909,0.1199999973177909,0.1199999973177909,0.1199999973177909,0.0
2026-06-05,0.1199999973177909,0.1199999973177909,0.1199999973177909,0.1199999973177909,0.0
2026-06-08,0.1199999973177909,0.1199999973177909,0.1199999973177909,0.1199999973177909,0.0
2026-06-09,0.1199999973177909,0.1199999973177909,0.1199999973177909,0.1199999973177909,0.0
2026-06-10,0.1199999973177909,0.1199999973177909,0.1199999973177909,0.1199999973177909,0.0
2026-06-11,0.1199999973177909,0.1199999973177909,0.1199999973177909,0.1199999973177909,0.0
2026-06-12,0.1199999973177909,0.1199999973177909,0.1199999973177909,0.1199999973177909,0.0
2026-06-15,0.1199999973177909,0.1199999973177909,0.1199999973177909,0.1199999973177909,0.0
2026-06-16,0.1199999973177909,0.1199999973177909,0.1199999973177909,0.1199999973177909,0.0
2026-06-17,0.1199999973177909,0.1199999973177909,0.1199999973177909,0.1199999973177909,0.0
2026-06-18,0.1199999973177909,0.1199999973177909,0.1199999973177909,0.1199999973177909,0.0
2026-06-19,0.1199999973177909,0.1199999973177909,0.1199999973177909,0.1199999973177909,0.0
2026-06-22,0.1199999973177909,0.1199999973177909,0.1199999973177909,0.1199999973177909,0.0
2026-06-23,0.1199999973177909,0.1199999973177909,0.1199999973177909,0.1199999973177909,0.0
2026-06-24,0.1199999973177909,0.1199999973177909,0.1199999973177909,0.1199999973177909,0.0
2026-06-25,0.1199999973177909,0.1199999973177909,0.1199999973177909,0.1199999973177909,0.0
2026-06-26,0.1199999973177909,0.1199999973177909,0.1199999973177909,0.1199999973177909,0.0
2026-06-29,0.1199999973177909,0.1199999973177909,0.1199999973177909,0.1199999973177909,0.0
2026-06-30,0.1199999973177909,0.1199999973177909,0.1199999973177909,0.1199999973177909,0.0
2026-07-01,0.1199999973177909,0.1199999973177909,0.1199999973177909,0.1199999973177909,0.0
2026-07-02,0.1199999973177909,0.1199999973177909,0.1199999973177909,0.1199999973177909,0.0
2026-07-03,0.1199999973177909,0.1199999973177909,0.1199999973177909,0.1199999973177909,0.0
2026-07-06,0.1199999973177909,0.1199999973177909,0.1199999973177909,0.1199999973177909,0.0
2026-07-07,0.1199999973177909,0.1199999973177909,0.1199999973177909,0.1199999973177909,0.0
2026-07-08,0.1199999973177909,0.1199999973177909,0.1199999973177909,0.1199999973177909,0.0
2026-07-09,0.1199999973177909,0.1199999973177909,0.1199999973177909,0.1199999973177909,0.0
2026-07-10,0.1199999973177909,0.1199999973177909,0.1199999973177909,0.1199999973177909,0.0
2026-07-13,0.1199999973177909,0.1199999973177909,0.1199999973177909,0.1199999973177909,0.0
2026-07-14,0.1199999973177909,0.1199999973177909,0.1199999973177909,0.1199999973177909,0.0
2026-07-15,0.1199999973177909,0.1199999973177909,0.1199999973177909,0.1199999973177909,0.0
2026-07-16,0.1199999973177909,0.1199999973177909,0.1199999973177909,0.1199999973177909,0.0
2026-07-17,0.1199999973177909,0.1199999973177909,0.1199999973177909,0.1199999973177909,0.0
2026-07-20,0.1199999973177909,0.1199999973177909,0.1199999973177909,0.1199999973177909,0.0
2026-07-21,0.1199999973177909,0.1199999973177909,0.1199999973177909,0.1199999973177909,0.0
2026-07-22,0.1199999973177909,0.1199999973177909,0.1199999973177909,0.1199999973177909,0.0
2026-07-23,0.1199999973177909,0.1199999973177909,0.1199999973177909,0.1199999973177909,0.0
2026-07-24,0.1199999973177909,0.1199999973177909,0.1199999973177909,0.1199999973177909,0.0
2026-07-27,0.1199999973177909,0.1199999973177909,0.1199999973177909,0.1199999973177909,0.0
2026-07-28,0.1199999973177909,0.1199999973177909,0.1199999973177909,0.1199999973177909,0.0
2026-07-29,0.1199999973177909,0.1199999973177909,0.1199999973177909,0.1199999973177909,0.0
2026-07-30,0.1199999973177909,0.1199999973177909,0.1199999973177909,0.1199999973177909,0.0
2026-07-31,0.1199999973177909,0.1199999973177909,0.1199999973177909,0.1199999973177909,0.0
2026-08-03,0.1199999973177909,0.1199999973177909,0.1199999973177909,0.1199999973177909,0.0
2026-08-04,0.1199999973177909,0.1199999973177909,0.1199999973177909,0.1199999973177909,0.0
2026-08-05,0.1199999973177909,0.1199999973177909,0.1199999973177909,0.1199999973177909,0.0
2026-08-06,0.1199999973177909,0.1199999973177909,0.1199999973177909,0.1199999973177909,0.0
2026-08-07,0.1199999973177909,0.1199999973177909,0.1199999973177909,0.1199999973177909,0.0
2026-08-10,0.1199999973177909,0.1199999973177909,0.1199999973177909,0.1199999973177909,0.0
2026-08-11,0.1199999973177909,0.1199999973177909,0.1199999973177909,0.1199999973177909,0.0
2026-08-12,0.1199999973177909,0.1199999973177909,0.1199999973177909,0.1199999973177909,0.0
2026-08-13,0.1199999973177909,0.1199999973177909,0.1199999973177909,0.1199999973177909,0.0
2026-08-14,0.1199999973177909,0.1199999973177909,0.1199999973177909,0.1199999973177909,0.0
2026-08-17,0.1199999973177909,0.1199999973177909,0.1199999973177909,0.1199999973177909,0.0
2026-08-18,0.1199999973177909,0.1199999973177909,0.1199999973177909,0.1199999973177909,0.0
2026-08-19,0.1199999973177909,0.1199999973177909,0.1199999973177909,0.1199999973177909,0.0
2026-08-20,0.1199999973177909,0.1199999973177909,0.1199999973177909,0.1199999973177909,0.0
2026-08-21,0.1199999973177909,0.1199999973177909,0.1199999973177909,0.1199999973177909,0.0
2026-08-24,0.1199999973177909,0.1199999973177909,0.1199999973177909,0.1199999973177909,0.0
2026-08-25,0.1080000028014183,0.1080000028014183,0.1080000028014183,0.1080000028014183,15000.0
2026-08-26,0.1080000028014183,0.1080000028014183,0.1080000028014183,0.1080000028014183,0.0
2026-08-27,0.1089999973773956,0.1089999973773956,0.1089999973773956,0.1089999973773956,15000.0
2026-08-28,0.1099999994039535,0.1150000020861625,0.1099999994039535,0.1150000020861625,10000.0
2026-08-31,0.1150000020861625,0.1150000020861625,0.1150000020861625,0.1150000020861625,200.0
2026-09-01,0.1150000020861625,0.1150000020861625,0.1150000020861625,0.1150000020861625,0.0
2026-09-02,0.1150000020861625,0.1150000020861625,0.1150000020861625,0.1150000020861625,0.0
2026-09-03,0.1150000020861625,0.1150000020861625,0.1150000020861625,0.1150000020861625,0.0
2026-09-04,0.1150000020861625,0.1150000020861625,0.1150000020861625,0.1150000020861625,0.0
2026-09-07,0.1150000020861625,0.1150000020861625,0.1150000020861625,0.1150000020861625,0.0
2026-09-08,0.1150000020861625,0.1150000020861625,0.1150000020861625,0.1150000020861625,0.0
2026-09-09,0.1150000020861625,0.1150000020861625,0.1150000020861625,0.1150000020861625,0.0
2026-09-10,0.1150000020861625,0.1150000020861625,0.1150000020861625,0.1150000020861625,0.0
2026-09-11,0.1150000020861625,0.1150000020861625,0.1150000020861625,0.1150000020861625,0.0
2026-09-14,0.1150000020861625,0.1150000020861625,0.1150000020861625,0.1150000020861625,0.0
2026-09-15,0.1150000020861625,0.1150000020861625,0.1150000020861625,0.1150000020861625,0.0
2026-09-16,0.1150000020861625,0.1150000020861625,0.1150000020861625,0.1150000020861625,0.0
2026-09-17,0.0939999967813491,0.1129999980330467,0.0939999967813491,0.1129999980330467,14000.0
2026-09-18,0.1129999980330467,0.1129999980330467,0.1129999980330467,0.1129999980330467,0.0
2026-09-21,0.1000000014901161,0.1099999994039535,0.1000000014901161,0.1000000014901161,4600.0
2026-09-22,0.1000000014901161,0.1000000014901161,0.1000000014901161,0.1000000014901161,0.0
2026-09-23,0.1150000020861625,0.1150000020861625,0.1150000020861625,0.1150000020861625,5000.0
2026-09-24,0.1150000020861625,0.1150000020861625,0.1150000020861625,0.1150000020861625,0.0
2026-09-25,0.1150000020861625,0.1150000020861625,0.1150000020861625,0.1150000020861625,0.0
2026-09-28,0.1150000020861625,0.1150000020861625,0.1150000020861625,0.1150000020861625,0.0
2026-09-29,0.1150000020861625,0.1150000020861625,0.1150000020861625,0.1150000020861625,0.0
2026-09-30,0.1150000020861625,0.1150000020861625,0.1150000020861625,0.1150000020861625,0.0
2026-10-01,0.1150000020861625,0.1150000020861625,0.1150000020861625,0.1150000020861625,0.0
2026-10-02,0.1150000020861625,0.1150000020861625,0.1150000020861625,0.1150000020861625,0.0
